per pod ifmap dram: [      0.       0.       0.       0.       0.       0.       0.       0.
       0.       0.       0.       0.       0.       0.       0.       0.
       0.       0.       0.       0.       0.       0.       0.       0.
       0.       0.       0.       0.       0.       0.       0.       0.
       0.       0.       0.       0.       0.       0.       0.       0.
       0.       0.       0.       0.       0.       0.       0.       0.
       0.       0.       0.       0.       0.       0.       0.       0.
       0.       0.       0.       0.       0.       0.       0.       0.
       0.       0.       0.       0.       0.       0.       0.       0.
       0.       0.       0.       0.       0.       0.       0.       0.
       0.       0.       0.       0.       0.       0.       0.       0.
       0.       0.       0.       0.       0.       0.       0.       0.
       0.       0.       0.       0.       0.       0.       0.       0.
       0.       0.       0.       0.       0.       0.       0.       0.
       0.       0.       0.       0.       0.       0.       0.       0.
       0.       0.       0.       0.       0.       0.       0.       0.
       0.       0.       0.       0.       0.       0.       0.       0.
       0.       0.       0.       0.       0.       0.       0.       0.
       0.       0.       0.       0.       0.       0.       0.       0.
       0.       0.       0.       0.       0.       0.       0.       0.
       0.       0.       0.       0.       0.       0.       0.       0.
       0.       0.       0.       0.       0.       0.       0.       0.
       0.       0.       0.       0.       0.       0.       0.       0.
       0.       0.       0.       0.       0.       0.       0.       0.
       0.       0.       0.       0.       0.       0.       0.       0.
       0.       0.       0.       0.       0.       0.       0.       0.
       0.       0.       0.       0.       0.       0.       0.       0.
       0.       0.       0.       0.       0.       0.       0.       0.
       0.       0.       0.       0.       0.       0.       0.       0.
       0.       0.       0.       0.       0.       0.       0.       0.
       0.       0.       0.       0.       0.       0.       0.       0.
       0.       0.       0.       0.       0.       0.       0. 1048576.] 
per pod filter dram: [      0.       0.       0.       0.       0.       0.       0.       0.
       0.       0.       0.       0.       0.       0.       0.       0.
       0.       0.       0.       0.       0.       0.       0.       0.
       0.       0.       0.       0.       0.       0.       0.       0.
       0.       0.       0.       0.       0.       0.       0.       0.
       0.       0.       0.       0.       0.       0.       0.       0.
       0.       0.       0.       0.       0.       0.       0.       0.
       0.       0.       0.       0.       0.       0.       0.       0.
       0.       0.       0.       0.       0.       0.       0.       0.
       0.       0.       0.       0.       0.       0.       0.       0.
       0.       0.       0.       0.       0.       0.       0.       0.
       0.       0.       0.       0.       0.       0.       0.       0.
       0.       0.       0.       0.       0.       0.       0.       0.
       0.       0.       0.       0.       0.       0.       0.       0.
       0.       0.       0.       0.       0.       0.       0.       0.
       0.       0.       0.       0.       0.       0.       0.       0.
       0.       0.       0.       0.       0.       0.       0.       0.
       0.       0.       0.       0.       0.       0.       0.       0.
       0.       0.       0.       0.       0.       0.       0.       0.
       0.       0.       0.       0.       0.       0.       0.       0.
       0.       0.       0.       0.       0.       0.       0.       0.
       0.       0.       0.       0.       0.       0.       0.       0.
       0.       0.       0.       0.       0.       0.       0.       0.
       0.       0.       0.       0.       0.       0.       0.       0.
       0.       0.       0.       0.       0.       0.       0.       0.
       0.       0.       0.       0.       0.       0.       0.       0.
       0.       0.       0.       0.       0.       0.       0.       0.
       0.       0.       0.       0.       0.       0.       0.       0.
       0.       0.       0.       0.       0.       0.       0.       0.
       0.       0.       0.       0.       0.       0.       0.       0.
       0.       0.       0.       0.       0.       0.       0.       0.
       0.       0.       0.       0.       0.       0.       0. 1048576.] 
per pod ofmap dram: 0 