
***8x8 REPORT
*Runtime= 755850.0
*DRAM reads= 165713752.0, 94439368.0, 7111656.0
*total DRAM reads= 267264776.0
*SRAM reads= 419597864.0, 94439368.0, 198727176.0
*total SRAM reads= 712764408.0
*Weighted Util:35.11
*Weighted Pod Util:94.33
*Weighted PE ratio:77.5
*Per-layer info:
Runtimes=[15430.0, 1688.0, 28440.0, 2532.0, 28440.0, 3376.0, 28440.0, 4220.0, 28440.0, 5064.0, 28440.0, 5908.0, 28440.0, 6752.0, 1024.0, 8280.0, 1280.0, 8280.0, 1536.0, 8280.0, 1792.0, 8280.0, 2048.0, 8280.0, 2304.0, 8280.0, 2560.0, 8280.0, 2816.0, 8280.0, 3072.0, 8280.0, 3328.0, 8280.0, 3584.0, 8280.0, 3840.0, 8280.0, 8192.0, 880.0, 3456.0, 990.0, 3456.0, 1100.0, 3456.0, 1210.0, 3456.0, 1320.0, 3456.0, 1430.0, 3456.0, 1540.0, 3456.0, 1650.0, 3456.0, 1760.0, 3456.0, 1870.0, 3456.0, 1980.0, 3456.0, 2090.0, 3456.0, 2200.0, 3456.0, 2310.0, 3456.0, 2420.0, 3456.0, 2530.0, 3456.0, 2640.0, 3456.0, 2750.0, 3456.0, 2860.0, 3456.0, 2970.0, 3456.0, 3080.0, 3456.0, 3190.0, 3456.0, 3300.0, 3456.0, 3410.0, 3456.0, 3520.0, 3456.0, 3630.0, 3456.0, 3740.0, 3456.0, 3850.0, 3456.0, 3960.0, 3456.0, 4070.0, 3456.0, 4180.0, 3456.0, 4290.0, 3456.0, 22000.0, 1480.0, 2448.0, 1554.0, 2448.0, 1628.0, 2448.0, 1702.0, 2448.0, 1776.0, 2448.0, 1850.0, 2448.0, 1924.0, 2448.0, 1998.0, 2448.0, 2072.0, 2448.0, 2146.0, 2448.0, 2220.0, 2448.0, 2294.0, 2448.0, 2368.0, 2448.0, 2442.0, 2448.0, 2516.0, 2448.0, 2590.0, 2448.0, 2664.0, 2448.0, 2738.0, 2448.0, 2812.0, 2448.0, 2886.0, 2448.0, 2960.0, 2448.0, 3034.0, 2448.0, 3108.0, 2448.0, 3182.0, 2448.0, 3256.0, 2448.0, 3330.0, 2448.0, 3404.0, 2448.0, 3478.0, 2448.0, 3552.0, 2448.0, 3626.0, 2448.0, 3700.0, 2448.0, 3774.0, 2448.0, 25792.0]
IFMAP_DRAM=[1394064.0, 1605632.0, 4028416.0, 2408448.0, 4028416.0, 3211264.0, 4028416.0, 4014080.0, 4028416.0, 4816896.0, 4028416.0, 5619712.0, 4028416.0, 6422528.0, 802816.0, 1218560.0, 1003520.0, 1218560.0, 1204224.0, 1218560.0, 1404928.0, 1218560.0, 1605632.0, 1218560.0, 1806336.0, 1218560.0, 2007040.0, 1218560.0, 2207744.0, 1218560.0, 2408448.0, 1218560.0, 2609152.0, 1218560.0, 2809856.0, 1218560.0, 3010560.0, 1218560.0, 3211264.0, 401408.0, 409600.0, 451584.0, 409600.0, 501760.0, 409600.0, 551936.0, 409600.0, 602112.0, 409600.0, 652288.0, 409600.0, 702464.0, 409600.0, 752640.0, 409600.0, 802816.0, 409600.0, 852992.0, 409600.0, 903168.0, 409600.0, 953344.0, 409600.0, 1003520.0, 409600.0, 1053696.0, 409600.0, 1103872.0, 409600.0, 1154048.0, 409600.0, 1204224.0, 409600.0, 1254400.0, 409600.0, 1304576.0, 409600.0, 1354752.0, 409600.0, 1404928.0, 409600.0, 1455104.0, 409600.0, 1505280.0, 409600.0, 1555456.0, 409600.0, 1605632.0, 409600.0, 1655808.0, 409600.0, 1705984.0, 409600.0, 1756160.0, 409600.0, 1806336.0, 409600.0, 1856512.0, 409600.0, 1906688.0, 409600.0, 1956864.0, 409600.0, 2007040.0, 250872.0, 132088.0, 263416.0, 132088.0, 275960.0, 132088.0, 288504.0, 132088.0, 301048.0, 132088.0, 313592.0, 132088.0, 326136.0, 132088.0, 338680.0, 132088.0, 351224.0, 132088.0, 363768.0, 132088.0, 376312.0, 132088.0, 388856.0, 132088.0, 401400.0, 132088.0, 413944.0, 132088.0, 426488.0, 132088.0, 439032.0, 132088.0, 451576.0, 132088.0, 464120.0, 132088.0, 476664.0, 132088.0, 489208.0, 132088.0, 501752.0, 132088.0, 514296.0, 132088.0, 526840.0, 132088.0, 539384.0, 132088.0, 551928.0, 132088.0, 564472.0, 132088.0, 577016.0, 132088.0, 589560.0, 132088.0, 602104.0, 132088.0, 614648.0, 132088.0, 627192.0, 132088.0, 639736.0, 132088.0, 13256.0]
Filter_DRAM=[75264.0, 65536.0, 294912.0, 98304.0, 294912.0, 131072.0, 294912.0, 163840.0, 294912.0, 196608.0, 294912.0, 229376.0, 294912.0, 262144.0, 131072.0, 294912.0, 163840.0, 294912.0, 196608.0, 294912.0, 229376.0, 294912.0, 262144.0, 294912.0, 294912.0, 294912.0, 327680.0, 294912.0, 360448.0, 294912.0, 393216.0, 294912.0, 425984.0, 294912.0, 458752.0, 294912.0, 491520.0, 294912.0, 1048576.0, 262144.0, 294912.0, 294912.0, 294912.0, 327680.0, 294912.0, 360448.0, 294912.0, 393216.0, 294912.0, 425984.0, 294912.0, 458752.0, 294912.0, 491520.0, 294912.0, 524288.0, 294912.0, 557056.0, 294912.0, 589824.0, 294912.0, 622592.0, 294912.0, 655360.0, 294912.0, 688128.0, 294912.0, 720896.0, 294912.0, 753664.0, 294912.0, 786432.0, 294912.0, 819200.0, 294912.0, 851968.0, 294912.0, 884736.0, 294912.0, 917504.0, 294912.0, 950272.0, 294912.0, 983040.0, 294912.0, 1015808.0, 294912.0, 1048576.0, 294912.0, 1081344.0, 294912.0, 1114112.0, 294912.0, 1146880.0, 294912.0, 1179648.0, 294912.0, 1212416.0, 294912.0, 1245184.0, 294912.0, 1277952.0, 294912.0, 6553600.0, 573432.0, 258040.0, 602104.0, 258040.0, 630776.0, 258040.0, 659448.0, 258040.0, 688120.0, 258040.0, 716792.0, 258040.0, 745464.0, 258040.0, 774136.0, 258040.0, 802808.0, 258040.0, 831480.0, 258040.0, 860152.0, 258040.0, 888824.0, 258040.0, 917496.0, 258040.0, 946168.0, 258040.0, 974840.0, 258040.0, 1003512.0, 258040.0, 1032184.0, 258040.0, 1060856.0, 258040.0, 1089528.0, 258040.0, 1118200.0, 258040.0, 1146872.0, 258040.0, 1175544.0, 258040.0, 1204216.0, 258040.0, 1232888.0, 258040.0, 1261560.0, 258040.0, 1290232.0, 258040.0, 1318904.0, 258040.0, 1347576.0, 258040.0, 1376248.0, 258040.0, 1404920.0, 258040.0, 1433592.0, 258040.0, 1462264.0, 258040.0, 1663944.0]
OFMAP_DRAM=[774400.0, 401408.0, 93312.0, 401408.0, 93312.0, 401408.0, 93312.0, 401408.0, 93312.0, 401408.0, 93312.0, 401408.0, 93312.0, 401408.0, 100352.0, 21632.0, 100352.0, 21632.0, 100352.0, 21632.0, 100352.0, 21632.0, 100352.0, 21632.0, 100352.0, 21632.0, 100352.0, 21632.0, 100352.0, 21632.0, 100352.0, 21632.0, 100352.0, 21632.0, 100352.0, 21632.0, 100352.0, 21632.0, 200704.0, 25088.0, 4608.0, 25088.0, 4608.0, 25088.0, 4608.0, 25088.0, 4608.0, 25088.0, 4608.0, 25088.0, 4608.0, 25088.0, 4608.0, 25088.0, 4608.0, 25088.0, 4608.0, 25088.0, 4608.0, 25088.0, 4608.0, 25088.0, 4608.0, 25088.0, 4608.0, 25088.0, 4608.0, 25088.0, 4608.0, 25088.0, 4608.0, 25088.0, 4608.0, 25088.0, 4608.0, 25088.0, 4608.0, 25088.0, 4608.0, 25088.0, 4608.0, 25088.0, 4608.0, 25088.0, 4608.0, 25088.0, 4608.0, 25088.0, 4608.0, 25088.0, 4608.0, 25088.0, 4608.0, 25088.0, 4608.0, 25088.0, 4608.0, 25088.0, 4608.0, 25088.0, 4608.0, 25088.0, 4608.0, 125440.0, 6272.0, 800.0, 6272.0, 800.0, 6272.0, 800.0, 6272.0, 800.0, 6272.0, 800.0, 6272.0, 800.0, 6272.0, 800.0, 6272.0, 800.0, 6272.0, 800.0, 6272.0, 800.0, 6272.0, 800.0, 6272.0, 800.0, 6272.0, 800.0, 6272.0, 800.0, 6272.0, 800.0, 6272.0, 800.0, 6272.0, 800.0, 6272.0, 800.0, 6272.0, 800.0, 6272.0, 800.0, 6272.0, 800.0, 6272.0, 800.0, 6272.0, 800.0, 6272.0, 800.0, 6272.0, 800.0, 6272.0, 800.0, 6272.0, 800.0, 6272.0, 800.0, 6272.0, 800.0, 6272.0, 800.0, 6272.0, 800.0, 6272.0, 800.0, 1000.0]
IFMAP_SRAM=[14229600.0, 1605632.0, 26873856.0, 2408448.0, 26873856.0, 3211264.0, 26873856.0, 4014080.0, 26873856.0, 4816896.0, 26873856.0, 5619712.0, 26873856.0, 6422528.0, 802816.0, 6230016.0, 1003520.0, 6230016.0, 1204224.0, 6230016.0, 1404928.0, 6230016.0, 1605632.0, 6230016.0, 1806336.0, 6230016.0, 2007040.0, 6230016.0, 2207744.0, 6230016.0, 2408448.0, 6230016.0, 2609152.0, 6230016.0, 2809856.0, 6230016.0, 3010560.0, 6230016.0, 6422528.0, 401408.0, 1327104.0, 451584.0, 1327104.0, 501760.0, 1327104.0, 551936.0, 1327104.0, 602112.0, 1327104.0, 652288.0, 1327104.0, 702464.0, 1327104.0, 752640.0, 1327104.0, 802816.0, 1327104.0, 852992.0, 1327104.0, 903168.0, 1327104.0, 953344.0, 1327104.0, 1003520.0, 1327104.0, 1053696.0, 1327104.0, 1103872.0, 1327104.0, 1154048.0, 1327104.0, 1204224.0, 1327104.0, 1254400.0, 1327104.0, 1304576.0, 1327104.0, 1354752.0, 1327104.0, 1404928.0, 1327104.0, 1455104.0, 1327104.0, 1505280.0, 1327104.0, 1555456.0, 1327104.0, 1605632.0, 1327104.0, 1655808.0, 1327104.0, 1705984.0, 1327104.0, 1756160.0, 1327104.0, 1806336.0, 1327104.0, 1856512.0, 1327104.0, 1906688.0, 1327104.0, 1956864.0, 1327104.0, 10035200.0, 250872.0, 230392.0, 263416.0, 230392.0, 275960.0, 230392.0, 288504.0, 230392.0, 301048.0, 230392.0, 313592.0, 230392.0, 326136.0, 230392.0, 338680.0, 230392.0, 351224.0, 230392.0, 363768.0, 230392.0, 376312.0, 230392.0, 388856.0, 230392.0, 401400.0, 230392.0, 413944.0, 230392.0, 426488.0, 230392.0, 439032.0, 230392.0, 451576.0, 230392.0, 464120.0, 230392.0, 476664.0, 230392.0, 489208.0, 230392.0, 501752.0, 230392.0, 514296.0, 230392.0, 526840.0, 230392.0, 539384.0, 230392.0, 551928.0, 230392.0, 564472.0, 230392.0, 577016.0, 230392.0, 589560.0, 230392.0, 602104.0, 230392.0, 614648.0, 230392.0, 627192.0, 230392.0, 639736.0, 230392.0, 106440.0]
Filter_SRAM=[75264.0, 65536.0, 294912.0, 98304.0, 294912.0, 131072.0, 294912.0, 163840.0, 294912.0, 196608.0, 294912.0, 229376.0, 294912.0, 262144.0, 131072.0, 294912.0, 163840.0, 294912.0, 196608.0, 294912.0, 229376.0, 294912.0, 262144.0, 294912.0, 294912.0, 294912.0, 327680.0, 294912.0, 360448.0, 294912.0, 393216.0, 294912.0, 425984.0, 294912.0, 458752.0, 294912.0, 491520.0, 294912.0, 1048576.0, 262144.0, 294912.0, 294912.0, 294912.0, 327680.0, 294912.0, 360448.0, 294912.0, 393216.0, 294912.0, 425984.0, 294912.0, 458752.0, 294912.0, 491520.0, 294912.0, 524288.0, 294912.0, 557056.0, 294912.0, 589824.0, 294912.0, 622592.0, 294912.0, 655360.0, 294912.0, 688128.0, 294912.0, 720896.0, 294912.0, 753664.0, 294912.0, 786432.0, 294912.0, 819200.0, 294912.0, 851968.0, 294912.0, 884736.0, 294912.0, 917504.0, 294912.0, 950272.0, 294912.0, 983040.0, 294912.0, 1015808.0, 294912.0, 1048576.0, 294912.0, 1081344.0, 294912.0, 1114112.0, 294912.0, 1146880.0, 294912.0, 1179648.0, 294912.0, 1212416.0, 294912.0, 1245184.0, 294912.0, 1277952.0, 294912.0, 6553600.0, 573432.0, 258040.0, 602104.0, 258040.0, 630776.0, 258040.0, 659448.0, 258040.0, 688120.0, 258040.0, 716792.0, 258040.0, 745464.0, 258040.0, 774136.0, 258040.0, 802808.0, 258040.0, 831480.0, 258040.0, 860152.0, 258040.0, 888824.0, 258040.0, 917496.0, 258040.0, 946168.0, 258040.0, 974840.0, 258040.0, 1003512.0, 258040.0, 1032184.0, 258040.0, 1060856.0, 258040.0, 1089528.0, 258040.0, 1118200.0, 258040.0, 1146872.0, 258040.0, 1175544.0, 258040.0, 1204216.0, 258040.0, 1232888.0, 258040.0, 1261560.0, 258040.0, 1290232.0, 258040.0, 1318904.0, 258040.0, 1347576.0, 258040.0, 1376248.0, 258040.0, 1404920.0, 258040.0, 1433592.0, 258040.0, 1462264.0, 258040.0, 1663944.0]
OFMAP_SRAM=[7744000.0, 1605632.0, 6718464.0, 2408448.0, 6718464.0, 3211264.0, 6718464.0, 4014080.0, 6718464.0, 4816896.0, 6718464.0, 5619712.0, 6718464.0, 6422528.0, 802816.0, 1557504.0, 1003520.0, 1557504.0, 1204224.0, 1557504.0, 1404928.0, 1557504.0, 1605632.0, 1557504.0, 1806336.0, 1557504.0, 2007040.0, 1557504.0, 2207744.0, 1557504.0, 2408448.0, 1557504.0, 2609152.0, 1557504.0, 2809856.0, 1557504.0, 3010560.0, 1557504.0, 6422528.0, 401408.0, 331776.0, 451584.0, 331776.0, 501760.0, 331776.0, 551936.0, 331776.0, 602112.0, 331776.0, 652288.0, 331776.0, 702464.0, 331776.0, 752640.0, 331776.0, 802816.0, 331776.0, 852992.0, 331776.0, 903168.0, 331776.0, 953344.0, 331776.0, 1003520.0, 331776.0, 1053696.0, 331776.0, 1103872.0, 331776.0, 1154048.0, 331776.0, 1204224.0, 331776.0, 1254400.0, 331776.0, 1304576.0, 331776.0, 1354752.0, 331776.0, 1404928.0, 331776.0, 1455104.0, 331776.0, 1505280.0, 331776.0, 1555456.0, 331776.0, 1605632.0, 331776.0, 1655808.0, 331776.0, 1705984.0, 331776.0, 1756160.0, 331776.0, 1806336.0, 331776.0, 1856512.0, 331776.0, 1906688.0, 331776.0, 1956864.0, 331776.0, 10035200.0, 250872.0, 57592.0, 263416.0, 57592.0, 275960.0, 57592.0, 288504.0, 57592.0, 301048.0, 57592.0, 313592.0, 57592.0, 326136.0, 57592.0, 338680.0, 57592.0, 351224.0, 57592.0, 363768.0, 57592.0, 376312.0, 57592.0, 388856.0, 57592.0, 401400.0, 57592.0, 413944.0, 57592.0, 426488.0, 57592.0, 439032.0, 57592.0, 451576.0, 57592.0, 464120.0, 57592.0, 476664.0, 57592.0, 489208.0, 57592.0, 501752.0, 57592.0, 514296.0, 57592.0, 526840.0, 57592.0, 539384.0, 57592.0, 551928.0, 57592.0, 564472.0, 57592.0, 577016.0, 57592.0, 589560.0, 57592.0, 602104.0, 57592.0, 614648.0, 57592.0, 627192.0, 57592.0, 639736.0, 57592.0, 103944.0]

RT=[755850.0]
DRAMS=[267264776.0]
SRAMS=[712764408.0]
Batch Size:1

Elapsed Time=0:17:06.199493
