
***4x4 REPORT
*Runtime= 762825.0
*DRAM reads= 77434980.0, 50968308.0, 7111656.0
*total DRAM reads= 135514944.0
*SRAM reads= 209799204.0, 50968308.0, 99363860.0
*total SRAM reads= 360131372.0
*Weighted Util:35.05
*Weighted Pod Util:97.42
*Weighted PE ratio:76.97
*Per-layer info:
Runtimes=[15435.0, 1692.0, 28476.0, 2538.0, 28476.0, 3384.0, 28476.0, 4230.0, 28476.0, 5076.0, 28476.0, 5922.0, 28476.0, 6768.0, 1032.0, 8316.0, 1290.0, 8316.0, 1548.0, 8316.0, 1806.0, 8316.0, 2064.0, 8316.0, 2322.0, 8316.0, 2580.0, 8316.0, 2838.0, 8316.0, 3096.0, 8316.0, 3354.0, 8316.0, 3612.0, 8316.0, 3870.0, 8316.0, 8256.0, 888.0, 3528.0, 999.0, 3528.0, 1110.0, 3528.0, 1221.0, 3528.0, 1332.0, 3528.0, 1443.0, 3528.0, 1554.0, 3528.0, 1665.0, 3528.0, 1776.0, 3528.0, 1887.0, 3528.0, 1998.0, 3528.0, 2109.0, 3528.0, 2220.0, 3528.0, 2331.0, 3528.0, 2442.0, 3528.0, 2553.0, 3528.0, 2664.0, 3528.0, 2775.0, 3528.0, 2886.0, 3528.0, 2997.0, 3528.0, 3108.0, 3528.0, 3219.0, 3528.0, 3330.0, 3528.0, 3441.0, 3528.0, 3552.0, 3528.0, 3663.0, 3528.0, 3774.0, 3528.0, 3885.0, 3528.0, 3996.0, 3528.0, 4107.0, 3528.0, 4218.0, 3528.0, 4329.0, 3528.0, 22200.0, 1500.0, 2484.0, 1575.0, 2484.0, 1650.0, 2484.0, 1725.0, 2484.0, 1800.0, 2484.0, 1875.0, 2484.0, 1950.0, 2484.0, 2025.0, 2484.0, 2100.0, 2484.0, 2175.0, 2484.0, 2250.0, 2484.0, 2325.0, 2484.0, 2400.0, 2484.0, 2475.0, 2484.0, 2550.0, 2484.0, 2625.0, 2484.0, 2700.0, 2484.0, 2775.0, 2484.0, 2850.0, 2484.0, 2925.0, 2484.0, 3000.0, 2484.0, 3075.0, 2484.0, 3150.0, 2484.0, 3225.0, 2484.0, 3300.0, 2484.0, 3375.0, 2484.0, 3450.0, 2484.0, 3525.0, 2484.0, 3600.0, 2484.0, 3675.0, 2484.0, 3750.0, 2484.0, 3825.0, 2484.0, 26208.0]
IFMAP_DRAM=[642672.0, 802816.0, 1779712.0, 1204224.0, 1779712.0, 1605632.0, 1779712.0, 2007040.0, 1779712.0, 2408448.0, 1779712.0, 2809856.0, 1779712.0, 3211264.0, 401408.0, 489472.0, 501760.0, 489472.0, 602112.0, 489472.0, 702464.0, 489472.0, 802816.0, 489472.0, 903168.0, 489472.0, 1003520.0, 489472.0, 1103872.0, 489472.0, 1204224.0, 489472.0, 1304576.0, 489472.0, 1404928.0, 489472.0, 1505280.0, 489472.0, 1605632.0, 200704.0, 143360.0, 225792.0, 143360.0, 250880.0, 143360.0, 275968.0, 143360.0, 301056.0, 143360.0, 326144.0, 143360.0, 351232.0, 143360.0, 376320.0, 143360.0, 401408.0, 143360.0, 426496.0, 143360.0, 451584.0, 143360.0, 476672.0, 143360.0, 501760.0, 143360.0, 526848.0, 143360.0, 551936.0, 143360.0, 577024.0, 143360.0, 602112.0, 143360.0, 627200.0, 143360.0, 652288.0, 143360.0, 677376.0, 143360.0, 702464.0, 143360.0, 727552.0, 143360.0, 752640.0, 143360.0, 777728.0, 143360.0, 802816.0, 143360.0, 827904.0, 143360.0, 852992.0, 143360.0, 878080.0, 143360.0, 903168.0, 143360.0, 928256.0, 143360.0, 953344.0, 143360.0, 978432.0, 143360.0, 1003520.0, 125440.0, 48640.0, 131712.0, 48640.0, 137984.0, 48640.0, 144256.0, 48640.0, 150528.0, 48640.0, 156800.0, 48640.0, 163072.0, 48640.0, 169344.0, 48640.0, 175616.0, 48640.0, 181888.0, 48640.0, 188160.0, 48640.0, 194432.0, 48640.0, 200704.0, 48640.0, 206976.0, 48640.0, 213248.0, 48640.0, 219520.0, 48640.0, 225792.0, 48640.0, 232064.0, 48640.0, 238336.0, 48640.0, 244608.0, 48640.0, 250880.0, 48640.0, 257152.0, 48640.0, 263424.0, 48640.0, 269696.0, 48640.0, 275968.0, 48640.0, 282240.0, 48640.0, 288512.0, 48640.0, 294784.0, 48640.0, 301056.0, 48640.0, 307328.0, 48640.0, 313600.0, 48640.0, 319872.0, 48640.0, 6644.0]
Filter_DRAM=[37632.0, 32768.0, 147456.0, 49152.0, 147456.0, 65536.0, 147456.0, 81920.0, 147456.0, 98304.0, 147456.0, 114688.0, 147456.0, 131072.0, 65536.0, 147456.0, 81920.0, 147456.0, 98304.0, 147456.0, 114688.0, 147456.0, 131072.0, 147456.0, 147456.0, 147456.0, 163840.0, 147456.0, 180224.0, 147456.0, 196608.0, 147456.0, 212992.0, 147456.0, 229376.0, 147456.0, 245760.0, 147456.0, 524288.0, 131072.0, 147456.0, 147456.0, 147456.0, 163840.0, 147456.0, 180224.0, 147456.0, 196608.0, 147456.0, 212992.0, 147456.0, 229376.0, 147456.0, 245760.0, 147456.0, 262144.0, 147456.0, 278528.0, 147456.0, 294912.0, 147456.0, 311296.0, 147456.0, 327680.0, 147456.0, 344064.0, 147456.0, 360448.0, 147456.0, 376832.0, 147456.0, 393216.0, 147456.0, 409600.0, 147456.0, 425984.0, 147456.0, 442368.0, 147456.0, 458752.0, 147456.0, 475136.0, 147456.0, 491520.0, 147456.0, 507904.0, 147456.0, 524288.0, 147456.0, 540672.0, 147456.0, 557056.0, 147456.0, 573440.0, 147456.0, 589824.0, 147456.0, 606208.0, 147456.0, 622592.0, 147456.0, 638976.0, 147456.0, 3276800.0, 327680.0, 147456.0, 344064.0, 147456.0, 360448.0, 147456.0, 376832.0, 147456.0, 393216.0, 147456.0, 409600.0, 147456.0, 425984.0, 147456.0, 442368.0, 147456.0, 458752.0, 147456.0, 475136.0, 147456.0, 491520.0, 147456.0, 507904.0, 147456.0, 524288.0, 147456.0, 540672.0, 147456.0, 557056.0, 147456.0, 573440.0, 147456.0, 589824.0, 147456.0, 606208.0, 147456.0, 622592.0, 147456.0, 638976.0, 147456.0, 655360.0, 147456.0, 671744.0, 147456.0, 688128.0, 147456.0, 704512.0, 147456.0, 720896.0, 147456.0, 737280.0, 147456.0, 753664.0, 147456.0, 770048.0, 147456.0, 786432.0, 147456.0, 802816.0, 147456.0, 819200.0, 147456.0, 835584.0, 147456.0, 1663988.0]
OFMAP_DRAM=[774400.0, 401408.0, 93312.0, 401408.0, 93312.0, 401408.0, 93312.0, 401408.0, 93312.0, 401408.0, 93312.0, 401408.0, 93312.0, 401408.0, 100352.0, 21632.0, 100352.0, 21632.0, 100352.0, 21632.0, 100352.0, 21632.0, 100352.0, 21632.0, 100352.0, 21632.0, 100352.0, 21632.0, 100352.0, 21632.0, 100352.0, 21632.0, 100352.0, 21632.0, 100352.0, 21632.0, 100352.0, 21632.0, 200704.0, 25088.0, 4608.0, 25088.0, 4608.0, 25088.0, 4608.0, 25088.0, 4608.0, 25088.0, 4608.0, 25088.0, 4608.0, 25088.0, 4608.0, 25088.0, 4608.0, 25088.0, 4608.0, 25088.0, 4608.0, 25088.0, 4608.0, 25088.0, 4608.0, 25088.0, 4608.0, 25088.0, 4608.0, 25088.0, 4608.0, 25088.0, 4608.0, 25088.0, 4608.0, 25088.0, 4608.0, 25088.0, 4608.0, 25088.0, 4608.0, 25088.0, 4608.0, 25088.0, 4608.0, 25088.0, 4608.0, 25088.0, 4608.0, 25088.0, 4608.0, 25088.0, 4608.0, 25088.0, 4608.0, 25088.0, 4608.0, 25088.0, 4608.0, 25088.0, 4608.0, 25088.0, 4608.0, 25088.0, 4608.0, 125440.0, 6272.0, 800.0, 6272.0, 800.0, 6272.0, 800.0, 6272.0, 800.0, 6272.0, 800.0, 6272.0, 800.0, 6272.0, 800.0, 6272.0, 800.0, 6272.0, 800.0, 6272.0, 800.0, 6272.0, 800.0, 6272.0, 800.0, 6272.0, 800.0, 6272.0, 800.0, 6272.0, 800.0, 6272.0, 800.0, 6272.0, 800.0, 6272.0, 800.0, 6272.0, 800.0, 6272.0, 800.0, 6272.0, 800.0, 6272.0, 800.0, 6272.0, 800.0, 6272.0, 800.0, 6272.0, 800.0, 6272.0, 800.0, 6272.0, 800.0, 6272.0, 800.0, 6272.0, 800.0, 6272.0, 800.0, 6272.0, 800.0, 6272.0, 800.0, 1000.0]
IFMAP_SRAM=[7114800.0, 802816.0, 13436928.0, 1204224.0, 13436928.0, 1605632.0, 13436928.0, 2007040.0, 13436928.0, 2408448.0, 13436928.0, 2809856.0, 13436928.0, 3211264.0, 401408.0, 3115008.0, 501760.0, 3115008.0, 602112.0, 3115008.0, 702464.0, 3115008.0, 802816.0, 3115008.0, 903168.0, 3115008.0, 1003520.0, 3115008.0, 1103872.0, 3115008.0, 1204224.0, 3115008.0, 1304576.0, 3115008.0, 1404928.0, 3115008.0, 1505280.0, 3115008.0, 3211264.0, 200704.0, 663552.0, 225792.0, 663552.0, 250880.0, 663552.0, 275968.0, 663552.0, 301056.0, 663552.0, 326144.0, 663552.0, 351232.0, 663552.0, 376320.0, 663552.0, 401408.0, 663552.0, 426496.0, 663552.0, 451584.0, 663552.0, 476672.0, 663552.0, 501760.0, 663552.0, 526848.0, 663552.0, 551936.0, 663552.0, 577024.0, 663552.0, 602112.0, 663552.0, 627200.0, 663552.0, 652288.0, 663552.0, 677376.0, 663552.0, 702464.0, 663552.0, 727552.0, 663552.0, 752640.0, 663552.0, 777728.0, 663552.0, 802816.0, 663552.0, 827904.0, 663552.0, 852992.0, 663552.0, 878080.0, 663552.0, 903168.0, 663552.0, 928256.0, 663552.0, 953344.0, 663552.0, 978432.0, 663552.0, 5017600.0, 125440.0, 115200.0, 131712.0, 115200.0, 137984.0, 115200.0, 144256.0, 115200.0, 150528.0, 115200.0, 156800.0, 115200.0, 163072.0, 115200.0, 169344.0, 115200.0, 175616.0, 115200.0, 181888.0, 115200.0, 188160.0, 115200.0, 194432.0, 115200.0, 200704.0, 115200.0, 206976.0, 115200.0, 213248.0, 115200.0, 219520.0, 115200.0, 225792.0, 115200.0, 232064.0, 115200.0, 238336.0, 115200.0, 244608.0, 115200.0, 250880.0, 115200.0, 257152.0, 115200.0, 263424.0, 115200.0, 269696.0, 115200.0, 275968.0, 115200.0, 282240.0, 115200.0, 288512.0, 115200.0, 294784.0, 115200.0, 301056.0, 115200.0, 307328.0, 115200.0, 313600.0, 115200.0, 319872.0, 115200.0, 53236.0]
Filter_SRAM=[37632.0, 32768.0, 147456.0, 49152.0, 147456.0, 65536.0, 147456.0, 81920.0, 147456.0, 98304.0, 147456.0, 114688.0, 147456.0, 131072.0, 65536.0, 147456.0, 81920.0, 147456.0, 98304.0, 147456.0, 114688.0, 147456.0, 131072.0, 147456.0, 147456.0, 147456.0, 163840.0, 147456.0, 180224.0, 147456.0, 196608.0, 147456.0, 212992.0, 147456.0, 229376.0, 147456.0, 245760.0, 147456.0, 524288.0, 131072.0, 147456.0, 147456.0, 147456.0, 163840.0, 147456.0, 180224.0, 147456.0, 196608.0, 147456.0, 212992.0, 147456.0, 229376.0, 147456.0, 245760.0, 147456.0, 262144.0, 147456.0, 278528.0, 147456.0, 294912.0, 147456.0, 311296.0, 147456.0, 327680.0, 147456.0, 344064.0, 147456.0, 360448.0, 147456.0, 376832.0, 147456.0, 393216.0, 147456.0, 409600.0, 147456.0, 425984.0, 147456.0, 442368.0, 147456.0, 458752.0, 147456.0, 475136.0, 147456.0, 491520.0, 147456.0, 507904.0, 147456.0, 524288.0, 147456.0, 540672.0, 147456.0, 557056.0, 147456.0, 573440.0, 147456.0, 589824.0, 147456.0, 606208.0, 147456.0, 622592.0, 147456.0, 638976.0, 147456.0, 3276800.0, 327680.0, 147456.0, 344064.0, 147456.0, 360448.0, 147456.0, 376832.0, 147456.0, 393216.0, 147456.0, 409600.0, 147456.0, 425984.0, 147456.0, 442368.0, 147456.0, 458752.0, 147456.0, 475136.0, 147456.0, 491520.0, 147456.0, 507904.0, 147456.0, 524288.0, 147456.0, 540672.0, 147456.0, 557056.0, 147456.0, 573440.0, 147456.0, 589824.0, 147456.0, 606208.0, 147456.0, 622592.0, 147456.0, 638976.0, 147456.0, 655360.0, 147456.0, 671744.0, 147456.0, 688128.0, 147456.0, 704512.0, 147456.0, 720896.0, 147456.0, 737280.0, 147456.0, 753664.0, 147456.0, 770048.0, 147456.0, 786432.0, 147456.0, 802816.0, 147456.0, 819200.0, 147456.0, 835584.0, 147456.0, 1663988.0]
OFMAP_SRAM=[3872000.0, 802816.0, 3359232.0, 1204224.0, 3359232.0, 1605632.0, 3359232.0, 2007040.0, 3359232.0, 2408448.0, 3359232.0, 2809856.0, 3359232.0, 3211264.0, 401408.0, 778752.0, 501760.0, 778752.0, 602112.0, 778752.0, 702464.0, 778752.0, 802816.0, 778752.0, 903168.0, 778752.0, 1003520.0, 778752.0, 1103872.0, 778752.0, 1204224.0, 778752.0, 1304576.0, 778752.0, 1404928.0, 778752.0, 1505280.0, 778752.0, 3211264.0, 200704.0, 165888.0, 225792.0, 165888.0, 250880.0, 165888.0, 275968.0, 165888.0, 301056.0, 165888.0, 326144.0, 165888.0, 351232.0, 165888.0, 376320.0, 165888.0, 401408.0, 165888.0, 426496.0, 165888.0, 451584.0, 165888.0, 476672.0, 165888.0, 501760.0, 165888.0, 526848.0, 165888.0, 551936.0, 165888.0, 577024.0, 165888.0, 602112.0, 165888.0, 627200.0, 165888.0, 652288.0, 165888.0, 677376.0, 165888.0, 702464.0, 165888.0, 727552.0, 165888.0, 752640.0, 165888.0, 777728.0, 165888.0, 802816.0, 165888.0, 827904.0, 165888.0, 852992.0, 165888.0, 878080.0, 165888.0, 903168.0, 165888.0, 928256.0, 165888.0, 953344.0, 165888.0, 978432.0, 165888.0, 5017600.0, 125440.0, 28800.0, 131712.0, 28800.0, 137984.0, 28800.0, 144256.0, 28800.0, 150528.0, 28800.0, 156800.0, 28800.0, 163072.0, 28800.0, 169344.0, 28800.0, 175616.0, 28800.0, 181888.0, 28800.0, 188160.0, 28800.0, 194432.0, 28800.0, 200704.0, 28800.0, 206976.0, 28800.0, 213248.0, 28800.0, 219520.0, 28800.0, 225792.0, 28800.0, 232064.0, 28800.0, 238336.0, 28800.0, 244608.0, 28800.0, 250880.0, 28800.0, 257152.0, 28800.0, 263424.0, 28800.0, 269696.0, 28800.0, 275968.0, 28800.0, 282240.0, 28800.0, 288512.0, 28800.0, 294784.0, 28800.0, 301056.0, 28800.0, 307328.0, 28800.0, 313600.0, 28800.0, 319872.0, 28800.0, 51988.0]

RT=[762825.0]
DRAMS=[135514944.0]
SRAMS=[360131372.0]
Batch Size:1

Elapsed Time=0:09:33.239847
