
***32x32 REPORT
*Runtime= 706581.0
*DRAM reads= 895687136.0, 335667744.0, 7111656.0
*total DRAM reads= 1238466536.0
*SRAM reads= 1678360736.0, 335667744.0, 792564768.0
*total SRAM reads= 2806593248.0
*Weighted Util:35.85
*Weighted Pod Util:89.03
*Weighted PE ratio:80.76
*Per-layer info:
Runtimes=[14245.0, 1664.0, 28224.0, 2496.0, 28224.0, 3328.0, 28224.0, 4160.0, 28224.0, 4992.0, 28224.0, 5824.0, 28224.0, 6656.0, 992.0, 8064.0, 1240.0, 8064.0, 1488.0, 8064.0, 1736.0, 8064.0, 1984.0, 8064.0, 2232.0, 8064.0, 2480.0, 8064.0, 2728.0, 8064.0, 2976.0, 8064.0, 3224.0, 8064.0, 3472.0, 8064.0, 3720.0, 8064.0, 7936.0, 832.0, 3168.0, 936.0, 3168.0, 1040.0, 3168.0, 1144.0, 3168.0, 1248.0, 3168.0, 1352.0, 3168.0, 1456.0, 3168.0, 1560.0, 3168.0, 1664.0, 3168.0, 1768.0, 3168.0, 1872.0, 3168.0, 1976.0, 3168.0, 2080.0, 3168.0, 2184.0, 3168.0, 2288.0, 3168.0, 2392.0, 3168.0, 2496.0, 3168.0, 2600.0, 3168.0, 2704.0, 3168.0, 2808.0, 3168.0, 2912.0, 3168.0, 3016.0, 3168.0, 3120.0, 3168.0, 3224.0, 3168.0, 3328.0, 3168.0, 3432.0, 3168.0, 3536.0, 3168.0, 3640.0, 3168.0, 3744.0, 3168.0, 3848.0, 3168.0, 3952.0, 3168.0, 4056.0, 3168.0, 20800.0, 1280.0, 2016.0, 1344.0, 2016.0, 1408.0, 2016.0, 1472.0, 2016.0, 1536.0, 2016.0, 1600.0, 2016.0, 1664.0, 2016.0, 1728.0, 2016.0, 1792.0, 2016.0, 1856.0, 2016.0, 1920.0, 2016.0, 1984.0, 2016.0, 2048.0, 2016.0, 2112.0, 2016.0, 2176.0, 2016.0, 2240.0, 2016.0, 2304.0, 2016.0, 2368.0, 2016.0, 2432.0, 2016.0, 2496.0, 2016.0, 2560.0, 2016.0, 2624.0, 2016.0, 2688.0, 2016.0, 2752.0, 2016.0, 2816.0, 2016.0, 2880.0, 2016.0, 2944.0, 2016.0, 3008.0, 2016.0, 3072.0, 2016.0, 3136.0, 2016.0, 3200.0, 2016.0, 3264.0, 2016.0, 23296.0]
IFMAP_DRAM=[8179776.0, 6422528.0, 37192512.0, 9633792.0, 37192512.0, 12845056.0, 37192512.0, 16056320.0, 37192512.0, 19267584.0, 37192512.0, 22478848.0, 37192512.0, 25690112.0, 3211264.0, 9633760.0, 4014080.0, 9633760.0, 4816896.0, 9633760.0, 5619712.0, 9633760.0, 6422528.0, 9633760.0, 7225344.0, 9633760.0, 8028160.0, 9633760.0, 8830976.0, 9633760.0, 9633792.0, 9633760.0, 10436608.0, 9633760.0, 11239424.0, 9633760.0, 12042240.0, 9633760.0, 12845056.0, 1605504.0, 2703264.0, 1806208.0, 2703264.0, 2006912.0, 2703264.0, 2207616.0, 2703264.0, 2408320.0, 2703264.0, 2609024.0, 2703264.0, 2809728.0, 2703264.0, 3010432.0, 2703264.0, 3211136.0, 2703264.0, 3411840.0, 2703264.0, 3612544.0, 2703264.0, 3813248.0, 2703264.0, 4013952.0, 2703264.0, 4214656.0, 2703264.0, 4415360.0, 2703264.0, 4616064.0, 2703264.0, 4816768.0, 2703264.0, 5017472.0, 2703264.0, 5218176.0, 2703264.0, 5418880.0, 2703264.0, 5619584.0, 2703264.0, 5820288.0, 2703264.0, 6020992.0, 2703264.0, 6221696.0, 2703264.0, 6422400.0, 2703264.0, 6623104.0, 2703264.0, 6823808.0, 2703264.0, 7024512.0, 2703264.0, 7225216.0, 2703264.0, 7425920.0, 2703264.0, 7626624.0, 2703264.0, 7827328.0, 2703264.0, 8028032.0, 1003296.0, 921376.0, 1053472.0, 921376.0, 1103648.0, 921376.0, 1153824.0, 921376.0, 1204000.0, 921376.0, 1254176.0, 921376.0, 1304352.0, 921376.0, 1354528.0, 921376.0, 1404704.0, 921376.0, 1454880.0, 921376.0, 1505056.0, 921376.0, 1555232.0, 921376.0, 1605408.0, 921376.0, 1655584.0, 921376.0, 1705760.0, 921376.0, 1755936.0, 921376.0, 1806112.0, 921376.0, 1856288.0, 921376.0, 1906464.0, 921376.0, 1956640.0, 921376.0, 2006816.0, 921376.0, 2056992.0, 921376.0, 2107168.0, 921376.0, 2157344.0, 921376.0, 2207520.0, 921376.0, 2257696.0, 921376.0, 2307872.0, 921376.0, 2358048.0, 921376.0, 2408224.0, 921376.0, 2458400.0, 921376.0, 2508576.0, 921376.0, 2558752.0, 921376.0, 52256.0]
Filter_DRAM=[301056.0, 262144.0, 1179648.0, 393216.0, 1179648.0, 524288.0, 1179648.0, 655360.0, 1179648.0, 786432.0, 1179648.0, 917504.0, 1179648.0, 1048576.0, 524288.0, 1142752.0, 655360.0, 1142752.0, 786432.0, 1142752.0, 917504.0, 1142752.0, 1048576.0, 1142752.0, 1179648.0, 1142752.0, 1310720.0, 1142752.0, 1441792.0, 1142752.0, 1572864.0, 1142752.0, 1703936.0, 1142752.0, 1835008.0, 1142752.0, 1966080.0, 1142752.0, 4194304.0, 917376.0, 1068960.0, 1032064.0, 1068960.0, 1146752.0, 1068960.0, 1261440.0, 1068960.0, 1376128.0, 1068960.0, 1490816.0, 1068960.0, 1605504.0, 1068960.0, 1720192.0, 1068960.0, 1834880.0, 1068960.0, 1949568.0, 1068960.0, 2064256.0, 1068960.0, 2178944.0, 1068960.0, 2293632.0, 1068960.0, 2408320.0, 1068960.0, 2523008.0, 1068960.0, 2637696.0, 1068960.0, 2752384.0, 1068960.0, 2867072.0, 1068960.0, 2981760.0, 1068960.0, 3096448.0, 1068960.0, 3211136.0, 1068960.0, 3325824.0, 1068960.0, 3440512.0, 1068960.0, 3555200.0, 1068960.0, 3669888.0, 1068960.0, 3784576.0, 1068960.0, 3899264.0, 1068960.0, 4013952.0, 1068960.0, 4128640.0, 1068960.0, 4243328.0, 1068960.0, 4358016.0, 1068960.0, 4472704.0, 1068960.0, 22937472.0, 2047776.0, 921376.0, 2150176.0, 921376.0, 2252576.0, 921376.0, 2354976.0, 921376.0, 2457376.0, 921376.0, 2559776.0, 921376.0, 2662176.0, 921376.0, 2764576.0, 921376.0, 2866976.0, 921376.0, 2969376.0, 921376.0, 3071776.0, 921376.0, 3174176.0, 921376.0, 3276576.0, 921376.0, 3378976.0, 921376.0, 3481376.0, 921376.0, 3583776.0, 921376.0, 3686176.0, 921376.0, 3788576.0, 921376.0, 3890976.0, 921376.0, 3993376.0, 921376.0, 4095776.0, 921376.0, 4198176.0, 921376.0, 4300576.0, 921376.0, 4402976.0, 921376.0, 4505376.0, 921376.0, 4607776.0, 921376.0, 4710176.0, 921376.0, 4812576.0, 921376.0, 4914976.0, 921376.0, 5017376.0, 921376.0, 5119776.0, 921376.0, 5222176.0, 921376.0, 1663008.0]
OFMAP_DRAM=[774400.0, 401408.0, 93312.0, 401408.0, 93312.0, 401408.0, 93312.0, 401408.0, 93312.0, 401408.0, 93312.0, 401408.0, 93312.0, 401408.0, 100352.0, 21632.0, 100352.0, 21632.0, 100352.0, 21632.0, 100352.0, 21632.0, 100352.0, 21632.0, 100352.0, 21632.0, 100352.0, 21632.0, 100352.0, 21632.0, 100352.0, 21632.0, 100352.0, 21632.0, 100352.0, 21632.0, 100352.0, 21632.0, 200704.0, 25088.0, 4608.0, 25088.0, 4608.0, 25088.0, 4608.0, 25088.0, 4608.0, 25088.0, 4608.0, 25088.0, 4608.0, 25088.0, 4608.0, 25088.0, 4608.0, 25088.0, 4608.0, 25088.0, 4608.0, 25088.0, 4608.0, 25088.0, 4608.0, 25088.0, 4608.0, 25088.0, 4608.0, 25088.0, 4608.0, 25088.0, 4608.0, 25088.0, 4608.0, 25088.0, 4608.0, 25088.0, 4608.0, 25088.0, 4608.0, 25088.0, 4608.0, 25088.0, 4608.0, 25088.0, 4608.0, 25088.0, 4608.0, 25088.0, 4608.0, 25088.0, 4608.0, 25088.0, 4608.0, 25088.0, 4608.0, 25088.0, 4608.0, 25088.0, 4608.0, 25088.0, 4608.0, 25088.0, 4608.0, 125440.0, 6272.0, 800.0, 6272.0, 800.0, 6272.0, 800.0, 6272.0, 800.0, 6272.0, 800.0, 6272.0, 800.0, 6272.0, 800.0, 6272.0, 800.0, 6272.0, 800.0, 6272.0, 800.0, 6272.0, 800.0, 6272.0, 800.0, 6272.0, 800.0, 6272.0, 800.0, 6272.0, 800.0, 6272.0, 800.0, 6272.0, 800.0, 6272.0, 800.0, 6272.0, 800.0, 6272.0, 800.0, 6272.0, 800.0, 6272.0, 800.0, 6272.0, 800.0, 6272.0, 800.0, 6272.0, 800.0, 6272.0, 800.0, 6272.0, 800.0, 6272.0, 800.0, 6272.0, 800.0, 6272.0, 800.0, 6272.0, 800.0, 6272.0, 800.0, 1000.0]
IFMAP_SRAM=[56918400.0, 6422528.0, 107495424.0, 9633792.0, 107495424.0, 12845056.0, 107495424.0, 16056320.0, 107495424.0, 19267584.0, 107495424.0, 22478848.0, 107495424.0, 25690112.0, 3211264.0, 24920032.0, 4014080.0, 24920032.0, 4816896.0, 24920032.0, 5619712.0, 24920032.0, 6422528.0, 24920032.0, 7225344.0, 24920032.0, 8028160.0, 24920032.0, 8830976.0, 24920032.0, 9633792.0, 24920032.0, 10436608.0, 24920032.0, 11239424.0, 24920032.0, 12042240.0, 24920032.0, 25690112.0, 1605504.0, 5308320.0, 1806208.0, 5308320.0, 2006912.0, 5308320.0, 2207616.0, 5308320.0, 2408320.0, 5308320.0, 2609024.0, 5308320.0, 2809728.0, 5308320.0, 3010432.0, 5308320.0, 3211136.0, 5308320.0, 3411840.0, 5308320.0, 3612544.0, 5308320.0, 3813248.0, 5308320.0, 4013952.0, 5308320.0, 4214656.0, 5308320.0, 4415360.0, 5308320.0, 4616064.0, 5308320.0, 4816768.0, 5308320.0, 5017472.0, 5308320.0, 5218176.0, 5308320.0, 5418880.0, 5308320.0, 5619584.0, 5308320.0, 5820288.0, 5308320.0, 6020992.0, 5308320.0, 6221696.0, 5308320.0, 6422400.0, 5308320.0, 6623104.0, 5308320.0, 6823808.0, 5308320.0, 7024512.0, 5308320.0, 7225216.0, 5308320.0, 7425920.0, 5308320.0, 7626624.0, 5308320.0, 7827328.0, 5308320.0, 40140672.0, 1003296.0, 921376.0, 1053472.0, 921376.0, 1103648.0, 921376.0, 1153824.0, 921376.0, 1204000.0, 921376.0, 1254176.0, 921376.0, 1304352.0, 921376.0, 1354528.0, 921376.0, 1404704.0, 921376.0, 1454880.0, 921376.0, 1505056.0, 921376.0, 1555232.0, 921376.0, 1605408.0, 921376.0, 1655584.0, 921376.0, 1705760.0, 921376.0, 1755936.0, 921376.0, 1806112.0, 921376.0, 1856288.0, 921376.0, 1906464.0, 921376.0, 1956640.0, 921376.0, 2006816.0, 921376.0, 2056992.0, 921376.0, 2107168.0, 921376.0, 2157344.0, 921376.0, 2207520.0, 921376.0, 2257696.0, 921376.0, 2307872.0, 921376.0, 2358048.0, 921376.0, 2408224.0, 921376.0, 2458400.0, 921376.0, 2508576.0, 921376.0, 2558752.0, 921376.0, 415008.0]
Filter_SRAM=[301056.0, 262144.0, 1179648.0, 393216.0, 1179648.0, 524288.0, 1179648.0, 655360.0, 1179648.0, 786432.0, 1179648.0, 917504.0, 1179648.0, 1048576.0, 524288.0, 1142752.0, 655360.0, 1142752.0, 786432.0, 1142752.0, 917504.0, 1142752.0, 1048576.0, 1142752.0, 1179648.0, 1142752.0, 1310720.0, 1142752.0, 1441792.0, 1142752.0, 1572864.0, 1142752.0, 1703936.0, 1142752.0, 1835008.0, 1142752.0, 1966080.0, 1142752.0, 4194304.0, 917376.0, 1068960.0, 1032064.0, 1068960.0, 1146752.0, 1068960.0, 1261440.0, 1068960.0, 1376128.0, 1068960.0, 1490816.0, 1068960.0, 1605504.0, 1068960.0, 1720192.0, 1068960.0, 1834880.0, 1068960.0, 1949568.0, 1068960.0, 2064256.0, 1068960.0, 2178944.0, 1068960.0, 2293632.0, 1068960.0, 2408320.0, 1068960.0, 2523008.0, 1068960.0, 2637696.0, 1068960.0, 2752384.0, 1068960.0, 2867072.0, 1068960.0, 2981760.0, 1068960.0, 3096448.0, 1068960.0, 3211136.0, 1068960.0, 3325824.0, 1068960.0, 3440512.0, 1068960.0, 3555200.0, 1068960.0, 3669888.0, 1068960.0, 3784576.0, 1068960.0, 3899264.0, 1068960.0, 4013952.0, 1068960.0, 4128640.0, 1068960.0, 4243328.0, 1068960.0, 4358016.0, 1068960.0, 4472704.0, 1068960.0, 22937472.0, 2047776.0, 921376.0, 2150176.0, 921376.0, 2252576.0, 921376.0, 2354976.0, 921376.0, 2457376.0, 921376.0, 2559776.0, 921376.0, 2662176.0, 921376.0, 2764576.0, 921376.0, 2866976.0, 921376.0, 2969376.0, 921376.0, 3071776.0, 921376.0, 3174176.0, 921376.0, 3276576.0, 921376.0, 3378976.0, 921376.0, 3481376.0, 921376.0, 3583776.0, 921376.0, 3686176.0, 921376.0, 3788576.0, 921376.0, 3890976.0, 921376.0, 3993376.0, 921376.0, 4095776.0, 921376.0, 4198176.0, 921376.0, 4300576.0, 921376.0, 4402976.0, 921376.0, 4505376.0, 921376.0, 4607776.0, 921376.0, 4710176.0, 921376.0, 4812576.0, 921376.0, 4914976.0, 921376.0, 5017376.0, 921376.0, 5119776.0, 921376.0, 5222176.0, 921376.0, 1663008.0]
OFMAP_SRAM=[28652800.0, 6422528.0, 26873856.0, 9633792.0, 26873856.0, 12845056.0, 26873856.0, 16056320.0, 26873856.0, 19267584.0, 26873856.0, 22478848.0, 26873856.0, 25690112.0, 3211264.0, 6229984.0, 4014080.0, 6229984.0, 4816896.0, 6229984.0, 5619712.0, 6229984.0, 6422528.0, 6229984.0, 7225344.0, 6229984.0, 8028160.0, 6229984.0, 8830976.0, 6229984.0, 9633792.0, 6229984.0, 10436608.0, 6229984.0, 11239424.0, 6229984.0, 12042240.0, 6229984.0, 25690112.0, 1605504.0, 1327008.0, 1806208.0, 1327008.0, 2006912.0, 1327008.0, 2207616.0, 1327008.0, 2408320.0, 1327008.0, 2609024.0, 1327008.0, 2809728.0, 1327008.0, 3010432.0, 1327008.0, 3211136.0, 1327008.0, 3411840.0, 1327008.0, 3612544.0, 1327008.0, 3813248.0, 1327008.0, 4013952.0, 1327008.0, 4214656.0, 1327008.0, 4415360.0, 1327008.0, 4616064.0, 1327008.0, 4816768.0, 1327008.0, 5017472.0, 1327008.0, 5218176.0, 1327008.0, 5418880.0, 1327008.0, 5619584.0, 1327008.0, 5820288.0, 1327008.0, 6020992.0, 1327008.0, 6221696.0, 1327008.0, 6422400.0, 1327008.0, 6623104.0, 1327008.0, 6823808.0, 1327008.0, 7024512.0, 1327008.0, 7225216.0, 1327008.0, 7425920.0, 1327008.0, 7626624.0, 1327008.0, 7827328.0, 1327008.0, 40140672.0, 1003296.0, 230176.0, 1053472.0, 230176.0, 1103648.0, 230176.0, 1153824.0, 230176.0, 1204000.0, 230176.0, 1254176.0, 230176.0, 1304352.0, 230176.0, 1354528.0, 230176.0, 1404704.0, 230176.0, 1454880.0, 230176.0, 1505056.0, 230176.0, 1555232.0, 230176.0, 1605408.0, 230176.0, 1655584.0, 230176.0, 1705760.0, 230176.0, 1755936.0, 230176.0, 1806112.0, 230176.0, 1856288.0, 230176.0, 1906464.0, 230176.0, 1956640.0, 230176.0, 2006816.0, 230176.0, 2056992.0, 230176.0, 2107168.0, 230176.0, 2157344.0, 230176.0, 2207520.0, 230176.0, 2257696.0, 230176.0, 2307872.0, 230176.0, 2358048.0, 230176.0, 2408224.0, 230176.0, 2458400.0, 230176.0, 2508576.0, 230176.0, 2558752.0, 230176.0, 415008.0]

RT=[706581.0]
DRAMS=[1238466536.0]
SRAMS=[2806593248.0]
Batch Size:1

Elapsed Time=1:45:15.449920
