
***2x2 REPORT
*Runtime= 777298.0
*DRAM reads= 37292862.0, 26316158.0, 7111656.0
*total DRAM reads= 70720676.0
*SRAM reads= 104899606.0, 26316158.0, 51223182.0
*total SRAM reads= 182438946.0
*Weighted Util:35.52
*Weighted Pod Util:98.3
*Weighted PE ratio:76.93
*Per-layer info:
Runtimes=[18528.0, 1694.0, 28512.0, 3388.0, 28512.0, 3388.0, 28512.0, 5082.0, 28512.0, 5082.0, 28512.0, 6776.0, 28512.0, 6776.0, 1036.0, 8352.0, 1554.0, 8352.0, 1554.0, 8352.0, 2072.0, 8352.0, 2072.0, 8352.0, 2590.0, 8352.0, 2590.0, 8352.0, 3108.0, 8352.0, 3108.0, 8352.0, 3626.0, 8352.0, 3626.0, 8352.0, 4144.0, 8352.0, 8288.0, 896.0, 3564.0, 1120.0, 3564.0, 1120.0, 3564.0, 1344.0, 3564.0, 1344.0, 3564.0, 1568.0, 3564.0, 1568.0, 3564.0, 1792.0, 3564.0, 1792.0, 3564.0, 2016.0, 3564.0, 2016.0, 3564.0, 2240.0, 3564.0, 2240.0, 3564.0, 2464.0, 3564.0, 2464.0, 3564.0, 2688.0, 3564.0, 2688.0, 3564.0, 2912.0, 3564.0, 2912.0, 3564.0, 3136.0, 3564.0, 3136.0, 3564.0, 3360.0, 3564.0, 3360.0, 3564.0, 3584.0, 3564.0, 3584.0, 3564.0, 3808.0, 3564.0, 3808.0, 3564.0, 4032.0, 3564.0, 4032.0, 3564.0, 4256.0, 3564.0, 4256.0, 3564.0, 4480.0, 3564.0, 22400.0, 1510.0, 2502.0, 1661.0, 2502.0, 1661.0, 2502.0, 1812.0, 2502.0, 1812.0, 2502.0, 1963.0, 2502.0, 1963.0, 2502.0, 2114.0, 2502.0, 2114.0, 2502.0, 2265.0, 2502.0, 2265.0, 2502.0, 2416.0, 2502.0, 2416.0, 2502.0, 2567.0, 2502.0, 2567.0, 2502.0, 2718.0, 2502.0, 2718.0, 2502.0, 2869.0, 2502.0, 2869.0, 2502.0, 3020.0, 2502.0, 3020.0, 2502.0, 3171.0, 2502.0, 3171.0, 2502.0, 3322.0, 2502.0, 3322.0, 2502.0, 3473.0, 2502.0, 3473.0, 2502.0, 3624.0, 2502.0, 3624.0, 2502.0, 3775.0, 2502.0, 3775.0, 2502.0, 3926.0, 2502.0, 26416.0]
IFMAP_DRAM=[307776.0, 401408.0, 831488.0, 602112.0, 831488.0, 802816.0, 831488.0, 1003520.0, 831488.0, 1204224.0, 831488.0, 1404928.0, 831488.0, 1605632.0, 200704.0, 215040.0, 250880.0, 215040.0, 301056.0, 215040.0, 351232.0, 215040.0, 401408.0, 215040.0, 451584.0, 215040.0, 501760.0, 215040.0, 551936.0, 215040.0, 602112.0, 215040.0, 652288.0, 215040.0, 702464.0, 215040.0, 752640.0, 215040.0, 802816.0, 100352.0, 57344.0, 112896.0, 57344.0, 125440.0, 57344.0, 137984.0, 57344.0, 150528.0, 57344.0, 163072.0, 57344.0, 175616.0, 57344.0, 188160.0, 57344.0, 200704.0, 57344.0, 213248.0, 57344.0, 225792.0, 57344.0, 238336.0, 57344.0, 250880.0, 57344.0, 263424.0, 57344.0, 275968.0, 57344.0, 288512.0, 57344.0, 301056.0, 57344.0, 313600.0, 57344.0, 326144.0, 57344.0, 338688.0, 57344.0, 351232.0, 57344.0, 363776.0, 57344.0, 376320.0, 57344.0, 388864.0, 57344.0, 401408.0, 57344.0, 413952.0, 57344.0, 426496.0, 57344.0, 439040.0, 57344.0, 451584.0, 57344.0, 464128.0, 57344.0, 476672.0, 57344.0, 489216.0, 57344.0, 501760.0, 62720.0, 16640.0, 65856.0, 16640.0, 68992.0, 16640.0, 72128.0, 16640.0, 75264.0, 16640.0, 78400.0, 16640.0, 81536.0, 16640.0, 84672.0, 16640.0, 87808.0, 16640.0, 90944.0, 16640.0, 94080.0, 16640.0, 97216.0, 16640.0, 100352.0, 16640.0, 103488.0, 16640.0, 106624.0, 16640.0, 109760.0, 16640.0, 112896.0, 16640.0, 116032.0, 16640.0, 119168.0, 16640.0, 122304.0, 16640.0, 125440.0, 16640.0, 128576.0, 16640.0, 131712.0, 16640.0, 134848.0, 16640.0, 137984.0, 16640.0, 141120.0, 16640.0, 144256.0, 16640.0, 147392.0, 16640.0, 150528.0, 16640.0, 153664.0, 16640.0, 156800.0, 16640.0, 159936.0, 16640.0, 3326.0]
Filter_DRAM=[18816.0, 16384.0, 73728.0, 24576.0, 73728.0, 32768.0, 73728.0, 40960.0, 73728.0, 49152.0, 73728.0, 57344.0, 73728.0, 65536.0, 32768.0, 73728.0, 40960.0, 73728.0, 49152.0, 73728.0, 57344.0, 73728.0, 65536.0, 73728.0, 73728.0, 73728.0, 81920.0, 73728.0, 90112.0, 73728.0, 98304.0, 73728.0, 106496.0, 73728.0, 114688.0, 73728.0, 122880.0, 73728.0, 262144.0, 65536.0, 73728.0, 73728.0, 73728.0, 81920.0, 73728.0, 90112.0, 73728.0, 98304.0, 73728.0, 106496.0, 73728.0, 114688.0, 73728.0, 122880.0, 73728.0, 131072.0, 73728.0, 139264.0, 73728.0, 147456.0, 73728.0, 155648.0, 73728.0, 163840.0, 73728.0, 172032.0, 73728.0, 180224.0, 73728.0, 188416.0, 73728.0, 196608.0, 73728.0, 204800.0, 73728.0, 212992.0, 73728.0, 221184.0, 73728.0, 229376.0, 73728.0, 237568.0, 73728.0, 245760.0, 73728.0, 253952.0, 73728.0, 262144.0, 73728.0, 270336.0, 73728.0, 278528.0, 73728.0, 286720.0, 73728.0, 294912.0, 73728.0, 303104.0, 73728.0, 311296.0, 73728.0, 319488.0, 73728.0, 1638400.0, 163840.0, 73728.0, 172032.0, 73728.0, 180224.0, 73728.0, 188416.0, 73728.0, 196608.0, 73728.0, 204800.0, 73728.0, 212992.0, 73728.0, 221184.0, 73728.0, 229376.0, 73728.0, 237568.0, 73728.0, 245760.0, 73728.0, 253952.0, 73728.0, 262144.0, 73728.0, 270336.0, 73728.0, 278528.0, 73728.0, 286720.0, 73728.0, 294912.0, 73728.0, 303104.0, 73728.0, 311296.0, 73728.0, 319488.0, 73728.0, 327680.0, 73728.0, 335872.0, 73728.0, 344064.0, 73728.0, 352256.0, 73728.0, 360448.0, 73728.0, 368640.0, 73728.0, 376832.0, 73728.0, 385024.0, 73728.0, 393216.0, 73728.0, 401408.0, 73728.0, 409600.0, 73728.0, 417792.0, 73728.0, 1663998.0]
OFMAP_DRAM=[774400.0, 401408.0, 93312.0, 401408.0, 93312.0, 401408.0, 93312.0, 401408.0, 93312.0, 401408.0, 93312.0, 401408.0, 93312.0, 401408.0, 100352.0, 21632.0, 100352.0, 21632.0, 100352.0, 21632.0, 100352.0, 21632.0, 100352.0, 21632.0, 100352.0, 21632.0, 100352.0, 21632.0, 100352.0, 21632.0, 100352.0, 21632.0, 100352.0, 21632.0, 100352.0, 21632.0, 100352.0, 21632.0, 200704.0, 25088.0, 4608.0, 25088.0, 4608.0, 25088.0, 4608.0, 25088.0, 4608.0, 25088.0, 4608.0, 25088.0, 4608.0, 25088.0, 4608.0, 25088.0, 4608.0, 25088.0, 4608.0, 25088.0, 4608.0, 25088.0, 4608.0, 25088.0, 4608.0, 25088.0, 4608.0, 25088.0, 4608.0, 25088.0, 4608.0, 25088.0, 4608.0, 25088.0, 4608.0, 25088.0, 4608.0, 25088.0, 4608.0, 25088.0, 4608.0, 25088.0, 4608.0, 25088.0, 4608.0, 25088.0, 4608.0, 25088.0, 4608.0, 25088.0, 4608.0, 25088.0, 4608.0, 25088.0, 4608.0, 25088.0, 4608.0, 25088.0, 4608.0, 25088.0, 4608.0, 25088.0, 4608.0, 25088.0, 4608.0, 125440.0, 6272.0, 800.0, 6272.0, 800.0, 6272.0, 800.0, 6272.0, 800.0, 6272.0, 800.0, 6272.0, 800.0, 6272.0, 800.0, 6272.0, 800.0, 6272.0, 800.0, 6272.0, 800.0, 6272.0, 800.0, 6272.0, 800.0, 6272.0, 800.0, 6272.0, 800.0, 6272.0, 800.0, 6272.0, 800.0, 6272.0, 800.0, 6272.0, 800.0, 6272.0, 800.0, 6272.0, 800.0, 6272.0, 800.0, 6272.0, 800.0, 6272.0, 800.0, 6272.0, 800.0, 6272.0, 800.0, 6272.0, 800.0, 6272.0, 800.0, 6272.0, 800.0, 6272.0, 800.0, 6272.0, 800.0, 6272.0, 800.0, 6272.0, 800.0, 1000.0]
IFMAP_SRAM=[3557400.0, 401408.0, 6718464.0, 602112.0, 6718464.0, 802816.0, 6718464.0, 1003520.0, 6718464.0, 1204224.0, 6718464.0, 1404928.0, 6718464.0, 1605632.0, 200704.0, 1557504.0, 250880.0, 1557504.0, 301056.0, 1557504.0, 351232.0, 1557504.0, 401408.0, 1557504.0, 451584.0, 1557504.0, 501760.0, 1557504.0, 551936.0, 1557504.0, 602112.0, 1557504.0, 652288.0, 1557504.0, 702464.0, 1557504.0, 752640.0, 1557504.0, 1605632.0, 100352.0, 331776.0, 112896.0, 331776.0, 125440.0, 331776.0, 137984.0, 331776.0, 150528.0, 331776.0, 163072.0, 331776.0, 175616.0, 331776.0, 188160.0, 331776.0, 200704.0, 331776.0, 213248.0, 331776.0, 225792.0, 331776.0, 238336.0, 331776.0, 250880.0, 331776.0, 263424.0, 331776.0, 275968.0, 331776.0, 288512.0, 331776.0, 301056.0, 331776.0, 313600.0, 331776.0, 326144.0, 331776.0, 338688.0, 331776.0, 351232.0, 331776.0, 363776.0, 331776.0, 376320.0, 331776.0, 388864.0, 331776.0, 401408.0, 331776.0, 413952.0, 331776.0, 426496.0, 331776.0, 439040.0, 331776.0, 451584.0, 331776.0, 464128.0, 331776.0, 476672.0, 331776.0, 489216.0, 331776.0, 2508800.0, 62720.0, 57600.0, 65856.0, 57600.0, 68992.0, 57600.0, 72128.0, 57600.0, 75264.0, 57600.0, 78400.0, 57600.0, 81536.0, 57600.0, 84672.0, 57600.0, 87808.0, 57600.0, 90944.0, 57600.0, 94080.0, 57600.0, 97216.0, 57600.0, 100352.0, 57600.0, 103488.0, 57600.0, 106624.0, 57600.0, 109760.0, 57600.0, 112896.0, 57600.0, 116032.0, 57600.0, 119168.0, 57600.0, 122304.0, 57600.0, 125440.0, 57600.0, 128576.0, 57600.0, 131712.0, 57600.0, 134848.0, 57600.0, 137984.0, 57600.0, 141120.0, 57600.0, 144256.0, 57600.0, 147392.0, 57600.0, 150528.0, 57600.0, 153664.0, 57600.0, 156800.0, 57600.0, 159936.0, 57600.0, 26622.0]
Filter_SRAM=[18816.0, 16384.0, 73728.0, 24576.0, 73728.0, 32768.0, 73728.0, 40960.0, 73728.0, 49152.0, 73728.0, 57344.0, 73728.0, 65536.0, 32768.0, 73728.0, 40960.0, 73728.0, 49152.0, 73728.0, 57344.0, 73728.0, 65536.0, 73728.0, 73728.0, 73728.0, 81920.0, 73728.0, 90112.0, 73728.0, 98304.0, 73728.0, 106496.0, 73728.0, 114688.0, 73728.0, 122880.0, 73728.0, 262144.0, 65536.0, 73728.0, 73728.0, 73728.0, 81920.0, 73728.0, 90112.0, 73728.0, 98304.0, 73728.0, 106496.0, 73728.0, 114688.0, 73728.0, 122880.0, 73728.0, 131072.0, 73728.0, 139264.0, 73728.0, 147456.0, 73728.0, 155648.0, 73728.0, 163840.0, 73728.0, 172032.0, 73728.0, 180224.0, 73728.0, 188416.0, 73728.0, 196608.0, 73728.0, 204800.0, 73728.0, 212992.0, 73728.0, 221184.0, 73728.0, 229376.0, 73728.0, 237568.0, 73728.0, 245760.0, 73728.0, 253952.0, 73728.0, 262144.0, 73728.0, 270336.0, 73728.0, 278528.0, 73728.0, 286720.0, 73728.0, 294912.0, 73728.0, 303104.0, 73728.0, 311296.0, 73728.0, 319488.0, 73728.0, 1638400.0, 163840.0, 73728.0, 172032.0, 73728.0, 180224.0, 73728.0, 188416.0, 73728.0, 196608.0, 73728.0, 204800.0, 73728.0, 212992.0, 73728.0, 221184.0, 73728.0, 229376.0, 73728.0, 237568.0, 73728.0, 245760.0, 73728.0, 253952.0, 73728.0, 262144.0, 73728.0, 270336.0, 73728.0, 278528.0, 73728.0, 286720.0, 73728.0, 294912.0, 73728.0, 303104.0, 73728.0, 311296.0, 73728.0, 319488.0, 73728.0, 327680.0, 73728.0, 335872.0, 73728.0, 344064.0, 73728.0, 352256.0, 73728.0, 360448.0, 73728.0, 368640.0, 73728.0, 376832.0, 73728.0, 385024.0, 73728.0, 393216.0, 73728.0, 401408.0, 73728.0, 409600.0, 73728.0, 417792.0, 73728.0, 1663998.0]
OFMAP_SRAM=[2323200.0, 401408.0, 1679616.0, 802816.0, 1679616.0, 802816.0, 1679616.0, 1204224.0, 1679616.0, 1204224.0, 1679616.0, 1605632.0, 1679616.0, 1605632.0, 200704.0, 389376.0, 301056.0, 389376.0, 301056.0, 389376.0, 401408.0, 389376.0, 401408.0, 389376.0, 501760.0, 389376.0, 501760.0, 389376.0, 602112.0, 389376.0, 602112.0, 389376.0, 702464.0, 389376.0, 702464.0, 389376.0, 802816.0, 389376.0, 1605632.0, 100352.0, 82944.0, 125440.0, 82944.0, 125440.0, 82944.0, 150528.0, 82944.0, 150528.0, 82944.0, 175616.0, 82944.0, 175616.0, 82944.0, 200704.0, 82944.0, 200704.0, 82944.0, 225792.0, 82944.0, 225792.0, 82944.0, 250880.0, 82944.0, 250880.0, 82944.0, 275968.0, 82944.0, 275968.0, 82944.0, 301056.0, 82944.0, 301056.0, 82944.0, 326144.0, 82944.0, 326144.0, 82944.0, 351232.0, 82944.0, 351232.0, 82944.0, 376320.0, 82944.0, 376320.0, 82944.0, 401408.0, 82944.0, 401408.0, 82944.0, 426496.0, 82944.0, 426496.0, 82944.0, 451584.0, 82944.0, 451584.0, 82944.0, 476672.0, 82944.0, 476672.0, 82944.0, 501760.0, 82944.0, 2508800.0, 62720.0, 14400.0, 68992.0, 14400.0, 68992.0, 14400.0, 75264.0, 14400.0, 75264.0, 14400.0, 81536.0, 14400.0, 81536.0, 14400.0, 87808.0, 14400.0, 87808.0, 14400.0, 94080.0, 14400.0, 94080.0, 14400.0, 100352.0, 14400.0, 100352.0, 14400.0, 106624.0, 14400.0, 106624.0, 14400.0, 112896.0, 14400.0, 112896.0, 14400.0, 119168.0, 14400.0, 119168.0, 14400.0, 125440.0, 14400.0, 125440.0, 14400.0, 131712.0, 14400.0, 131712.0, 14400.0, 137984.0, 14400.0, 137984.0, 14400.0, 144256.0, 14400.0, 144256.0, 14400.0, 150528.0, 14400.0, 150528.0, 14400.0, 156800.0, 14400.0, 156800.0, 14400.0, 163072.0, 14400.0, 25998.0]

RT=[777298.0]
DRAMS=[70720676.0]
SRAMS=[182438946.0]
Batch Size:1

Elapsed Time=0:06:44.251321
