
***16x16 REPORT
*Runtime= 738825.0
*DRAM reads= 368362800.0, 181379856.0, 7111656.0
*total DRAM reads= 556854312.0
*SRAM reads= 839191888.0, 181379856.0, 396677776.0
*total SRAM reads= 1417249520.0
*Weighted Util:35.44
*Weighted Pod Util:92.89
*Weighted PE ratio:78.32
*Per-layer info:
Runtimes=[14649.0, 1680.0, 28368.0, 2520.0, 28368.0, 3360.0, 28368.0, 4200.0, 28368.0, 5040.0, 28368.0, 5880.0, 28368.0, 6720.0, 1008.0, 8208.0, 1260.0, 8208.0, 1512.0, 8208.0, 1764.0, 8208.0, 2016.0, 8208.0, 2268.0, 8208.0, 2520.0, 8208.0, 2772.0, 8208.0, 3024.0, 8208.0, 3276.0, 8208.0, 3528.0, 8208.0, 3780.0, 8208.0, 8064.0, 864.0, 3312.0, 972.0, 3312.0, 1080.0, 3312.0, 1188.0, 3312.0, 1296.0, 3312.0, 1404.0, 3312.0, 1512.0, 3312.0, 1620.0, 3312.0, 1728.0, 3312.0, 1836.0, 3312.0, 1944.0, 3312.0, 2052.0, 3312.0, 2160.0, 3312.0, 2268.0, 3312.0, 2376.0, 3312.0, 2484.0, 3312.0, 2592.0, 3312.0, 2700.0, 3312.0, 2808.0, 3312.0, 2916.0, 3312.0, 3024.0, 3312.0, 3132.0, 3312.0, 3240.0, 3312.0, 3348.0, 3312.0, 3456.0, 3312.0, 3564.0, 3312.0, 3672.0, 3312.0, 3780.0, 3312.0, 3888.0, 3312.0, 3996.0, 3312.0, 4104.0, 3312.0, 4212.0, 3312.0, 21600.0, 1440.0, 2304.0, 1512.0, 2304.0, 1584.0, 2304.0, 1656.0, 2304.0, 1728.0, 2304.0, 1800.0, 2304.0, 1872.0, 2304.0, 1944.0, 2304.0, 2016.0, 2304.0, 2088.0, 2304.0, 2160.0, 2304.0, 2232.0, 2304.0, 2304.0, 2304.0, 2376.0, 2304.0, 2448.0, 2304.0, 2520.0, 2304.0, 2592.0, 2304.0, 2664.0, 2304.0, 2736.0, 2304.0, 2808.0, 2304.0, 2880.0, 2304.0, 2952.0, 2304.0, 3024.0, 2304.0, 3096.0, 2304.0, 3168.0, 2304.0, 3240.0, 2304.0, 3312.0, 2304.0, 3384.0, 2304.0, 3456.0, 2304.0, 3528.0, 2304.0, 3600.0, 2304.0, 3672.0, 2304.0, 24960.0]
IFMAP_DRAM=[3222048.0, 3211264.0, 9924608.0, 4816896.0, 9924608.0, 6422528.0, 9924608.0, 8028160.0, 9924608.0, 9633792.0, 9924608.0, 11239424.0, 9924608.0, 12845056.0, 1605632.0, 3387392.0, 2007040.0, 3387392.0, 2408448.0, 3387392.0, 2809856.0, 3387392.0, 3211264.0, 3387392.0, 3612672.0, 3387392.0, 4014080.0, 3387392.0, 4415488.0, 3387392.0, 4816896.0, 3387392.0, 5218304.0, 3387392.0, 5619712.0, 3387392.0, 6021120.0, 3387392.0, 6422528.0, 802816.0, 1179648.0, 903168.0, 1179648.0, 1003520.0, 1179648.0, 1103872.0, 1179648.0, 1204224.0, 1179648.0, 1304576.0, 1179648.0, 1404928.0, 1179648.0, 1505280.0, 1179648.0, 1605632.0, 1179648.0, 1705984.0, 1179648.0, 1806336.0, 1179648.0, 1906688.0, 1179648.0, 2007040.0, 1179648.0, 2107392.0, 1179648.0, 2207744.0, 1179648.0, 2308096.0, 1179648.0, 2408448.0, 1179648.0, 2508800.0, 1179648.0, 2609152.0, 1179648.0, 2709504.0, 1179648.0, 2809856.0, 1179648.0, 2910208.0, 1179648.0, 3010560.0, 1179648.0, 3110912.0, 1179648.0, 3211264.0, 1179648.0, 3311616.0, 1179648.0, 3411968.0, 1179648.0, 3512320.0, 1179648.0, 3612672.0, 1179648.0, 3713024.0, 1179648.0, 3813376.0, 1179648.0, 3913728.0, 1179648.0, 4014080.0, 501712.0, 337872.0, 526800.0, 337872.0, 551888.0, 337872.0, 576976.0, 337872.0, 602064.0, 337872.0, 627152.0, 337872.0, 652240.0, 337872.0, 677328.0, 337872.0, 702416.0, 337872.0, 727504.0, 337872.0, 752592.0, 337872.0, 777680.0, 337872.0, 802768.0, 337872.0, 827856.0, 337872.0, 852944.0, 337872.0, 878032.0, 337872.0, 903120.0, 337872.0, 928208.0, 337872.0, 953296.0, 337872.0, 978384.0, 337872.0, 1003472.0, 337872.0, 1028560.0, 337872.0, 1053648.0, 337872.0, 1078736.0, 337872.0, 1103824.0, 337872.0, 1128912.0, 337872.0, 1154000.0, 337872.0, 1179088.0, 337872.0, 1204176.0, 337872.0, 1229264.0, 337872.0, 1254352.0, 337872.0, 1279440.0, 337872.0, 26384.0]
Filter_DRAM=[150528.0, 131072.0, 589824.0, 196608.0, 589824.0, 262144.0, 589824.0, 327680.0, 589824.0, 393216.0, 589824.0, 458752.0, 589824.0, 524288.0, 262144.0, 589824.0, 327680.0, 589824.0, 393216.0, 589824.0, 458752.0, 589824.0, 524288.0, 589824.0, 589824.0, 589824.0, 655360.0, 589824.0, 720896.0, 589824.0, 786432.0, 589824.0, 851968.0, 589824.0, 917504.0, 589824.0, 983040.0, 589824.0, 2097152.0, 524288.0, 589824.0, 589824.0, 589824.0, 655360.0, 589824.0, 720896.0, 589824.0, 786432.0, 589824.0, 851968.0, 589824.0, 917504.0, 589824.0, 983040.0, 589824.0, 1048576.0, 589824.0, 1114112.0, 589824.0, 1179648.0, 589824.0, 1245184.0, 589824.0, 1310720.0, 589824.0, 1376256.0, 589824.0, 1441792.0, 589824.0, 1507328.0, 589824.0, 1572864.0, 589824.0, 1638400.0, 589824.0, 1703936.0, 589824.0, 1769472.0, 589824.0, 1835008.0, 589824.0, 1900544.0, 589824.0, 1966080.0, 589824.0, 2031616.0, 589824.0, 2097152.0, 589824.0, 2162688.0, 589824.0, 2228224.0, 589824.0, 2293760.0, 589824.0, 2359296.0, 589824.0, 2424832.0, 589824.0, 2490368.0, 589824.0, 2555904.0, 589824.0, 13107200.0, 1064912.0, 479184.0, 1118160.0, 479184.0, 1171408.0, 479184.0, 1224656.0, 479184.0, 1277904.0, 479184.0, 1331152.0, 479184.0, 1384400.0, 479184.0, 1437648.0, 479184.0, 1490896.0, 479184.0, 1544144.0, 479184.0, 1597392.0, 479184.0, 1650640.0, 479184.0, 1703888.0, 479184.0, 1757136.0, 479184.0, 1810384.0, 479184.0, 1863632.0, 479184.0, 1916880.0, 479184.0, 1970128.0, 479184.0, 2023376.0, 479184.0, 2076624.0, 479184.0, 2129872.0, 479184.0, 2183120.0, 479184.0, 2236368.0, 479184.0, 2289616.0, 479184.0, 2342864.0, 479184.0, 2396112.0, 479184.0, 2449360.0, 479184.0, 2502608.0, 479184.0, 2555856.0, 479184.0, 2609104.0, 479184.0, 2662352.0, 479184.0, 2715600.0, 479184.0, 1663760.0]
OFMAP_DRAM=[774400.0, 401408.0, 93312.0, 401408.0, 93312.0, 401408.0, 93312.0, 401408.0, 93312.0, 401408.0, 93312.0, 401408.0, 93312.0, 401408.0, 100352.0, 21632.0, 100352.0, 21632.0, 100352.0, 21632.0, 100352.0, 21632.0, 100352.0, 21632.0, 100352.0, 21632.0, 100352.0, 21632.0, 100352.0, 21632.0, 100352.0, 21632.0, 100352.0, 21632.0, 100352.0, 21632.0, 100352.0, 21632.0, 200704.0, 25088.0, 4608.0, 25088.0, 4608.0, 25088.0, 4608.0, 25088.0, 4608.0, 25088.0, 4608.0, 25088.0, 4608.0, 25088.0, 4608.0, 25088.0, 4608.0, 25088.0, 4608.0, 25088.0, 4608.0, 25088.0, 4608.0, 25088.0, 4608.0, 25088.0, 4608.0, 25088.0, 4608.0, 25088.0, 4608.0, 25088.0, 4608.0, 25088.0, 4608.0, 25088.0, 4608.0, 25088.0, 4608.0, 25088.0, 4608.0, 25088.0, 4608.0, 25088.0, 4608.0, 25088.0, 4608.0, 25088.0, 4608.0, 25088.0, 4608.0, 25088.0, 4608.0, 25088.0, 4608.0, 25088.0, 4608.0, 25088.0, 4608.0, 25088.0, 4608.0, 25088.0, 4608.0, 25088.0, 4608.0, 125440.0, 6272.0, 800.0, 6272.0, 800.0, 6272.0, 800.0, 6272.0, 800.0, 6272.0, 800.0, 6272.0, 800.0, 6272.0, 800.0, 6272.0, 800.0, 6272.0, 800.0, 6272.0, 800.0, 6272.0, 800.0, 6272.0, 800.0, 6272.0, 800.0, 6272.0, 800.0, 6272.0, 800.0, 6272.0, 800.0, 6272.0, 800.0, 6272.0, 800.0, 6272.0, 800.0, 6272.0, 800.0, 6272.0, 800.0, 6272.0, 800.0, 6272.0, 800.0, 6272.0, 800.0, 6272.0, 800.0, 6272.0, 800.0, 6272.0, 800.0, 6272.0, 800.0, 6272.0, 800.0, 6272.0, 800.0, 6272.0, 800.0, 6272.0, 800.0, 1000.0]
IFMAP_SRAM=[28459200.0, 3211264.0, 53747712.0, 4816896.0, 53747712.0, 6422528.0, 53747712.0, 8028160.0, 53747712.0, 9633792.0, 53747712.0, 11239424.0, 53747712.0, 12845056.0, 1605632.0, 12460032.0, 2007040.0, 12460032.0, 2408448.0, 12460032.0, 2809856.0, 12460032.0, 3211264.0, 12460032.0, 3612672.0, 12460032.0, 4014080.0, 12460032.0, 4415488.0, 12460032.0, 4816896.0, 12460032.0, 5218304.0, 12460032.0, 5619712.0, 12460032.0, 6021120.0, 12460032.0, 12845056.0, 802816.0, 2654208.0, 903168.0, 2654208.0, 1003520.0, 2654208.0, 1103872.0, 2654208.0, 1204224.0, 2654208.0, 1304576.0, 2654208.0, 1404928.0, 2654208.0, 1505280.0, 2654208.0, 1605632.0, 2654208.0, 1705984.0, 2654208.0, 1806336.0, 2654208.0, 1906688.0, 2654208.0, 2007040.0, 2654208.0, 2107392.0, 2654208.0, 2207744.0, 2654208.0, 2308096.0, 2654208.0, 2408448.0, 2654208.0, 2508800.0, 2654208.0, 2609152.0, 2654208.0, 2709504.0, 2654208.0, 2809856.0, 2654208.0, 2910208.0, 2654208.0, 3010560.0, 2654208.0, 3110912.0, 2654208.0, 3211264.0, 2654208.0, 3311616.0, 2654208.0, 3411968.0, 2654208.0, 3512320.0, 2654208.0, 3612672.0, 2654208.0, 3713024.0, 2654208.0, 3813376.0, 2654208.0, 3913728.0, 2654208.0, 20070400.0, 501712.0, 460752.0, 526800.0, 460752.0, 551888.0, 460752.0, 576976.0, 460752.0, 602064.0, 460752.0, 627152.0, 460752.0, 652240.0, 460752.0, 677328.0, 460752.0, 702416.0, 460752.0, 727504.0, 460752.0, 752592.0, 460752.0, 777680.0, 460752.0, 802768.0, 460752.0, 827856.0, 460752.0, 852944.0, 460752.0, 878032.0, 460752.0, 903120.0, 460752.0, 928208.0, 460752.0, 953296.0, 460752.0, 978384.0, 460752.0, 1003472.0, 460752.0, 1028560.0, 460752.0, 1053648.0, 460752.0, 1078736.0, 460752.0, 1103824.0, 460752.0, 1128912.0, 460752.0, 1154000.0, 460752.0, 1179088.0, 460752.0, 1204176.0, 460752.0, 1229264.0, 460752.0, 1254352.0, 460752.0, 1279440.0, 460752.0, 211088.0]
Filter_SRAM=[150528.0, 131072.0, 589824.0, 196608.0, 589824.0, 262144.0, 589824.0, 327680.0, 589824.0, 393216.0, 589824.0, 458752.0, 589824.0, 524288.0, 262144.0, 589824.0, 327680.0, 589824.0, 393216.0, 589824.0, 458752.0, 589824.0, 524288.0, 589824.0, 589824.0, 589824.0, 655360.0, 589824.0, 720896.0, 589824.0, 786432.0, 589824.0, 851968.0, 589824.0, 917504.0, 589824.0, 983040.0, 589824.0, 2097152.0, 524288.0, 589824.0, 589824.0, 589824.0, 655360.0, 589824.0, 720896.0, 589824.0, 786432.0, 589824.0, 851968.0, 589824.0, 917504.0, 589824.0, 983040.0, 589824.0, 1048576.0, 589824.0, 1114112.0, 589824.0, 1179648.0, 589824.0, 1245184.0, 589824.0, 1310720.0, 589824.0, 1376256.0, 589824.0, 1441792.0, 589824.0, 1507328.0, 589824.0, 1572864.0, 589824.0, 1638400.0, 589824.0, 1703936.0, 589824.0, 1769472.0, 589824.0, 1835008.0, 589824.0, 1900544.0, 589824.0, 1966080.0, 589824.0, 2031616.0, 589824.0, 2097152.0, 589824.0, 2162688.0, 589824.0, 2228224.0, 589824.0, 2293760.0, 589824.0, 2359296.0, 589824.0, 2424832.0, 589824.0, 2490368.0, 589824.0, 2555904.0, 589824.0, 13107200.0, 1064912.0, 479184.0, 1118160.0, 479184.0, 1171408.0, 479184.0, 1224656.0, 479184.0, 1277904.0, 479184.0, 1331152.0, 479184.0, 1384400.0, 479184.0, 1437648.0, 479184.0, 1490896.0, 479184.0, 1544144.0, 479184.0, 1597392.0, 479184.0, 1650640.0, 479184.0, 1703888.0, 479184.0, 1757136.0, 479184.0, 1810384.0, 479184.0, 1863632.0, 479184.0, 1916880.0, 479184.0, 1970128.0, 479184.0, 2023376.0, 479184.0, 2076624.0, 479184.0, 2129872.0, 479184.0, 2183120.0, 479184.0, 2236368.0, 479184.0, 2289616.0, 479184.0, 2342864.0, 479184.0, 2396112.0, 479184.0, 2449360.0, 479184.0, 2502608.0, 479184.0, 2555856.0, 479184.0, 2609104.0, 479184.0, 2662352.0, 479184.0, 2715600.0, 479184.0, 1663760.0]
OFMAP_SRAM=[14713600.0, 3211264.0, 13436928.0, 4816896.0, 13436928.0, 6422528.0, 13436928.0, 8028160.0, 13436928.0, 9633792.0, 13436928.0, 11239424.0, 13436928.0, 12845056.0, 1605632.0, 3115008.0, 2007040.0, 3115008.0, 2408448.0, 3115008.0, 2809856.0, 3115008.0, 3211264.0, 3115008.0, 3612672.0, 3115008.0, 4014080.0, 3115008.0, 4415488.0, 3115008.0, 4816896.0, 3115008.0, 5218304.0, 3115008.0, 5619712.0, 3115008.0, 6021120.0, 3115008.0, 12845056.0, 802816.0, 663552.0, 903168.0, 663552.0, 1003520.0, 663552.0, 1103872.0, 663552.0, 1204224.0, 663552.0, 1304576.0, 663552.0, 1404928.0, 663552.0, 1505280.0, 663552.0, 1605632.0, 663552.0, 1705984.0, 663552.0, 1806336.0, 663552.0, 1906688.0, 663552.0, 2007040.0, 663552.0, 2107392.0, 663552.0, 2207744.0, 663552.0, 2308096.0, 663552.0, 2408448.0, 663552.0, 2508800.0, 663552.0, 2609152.0, 663552.0, 2709504.0, 663552.0, 2809856.0, 663552.0, 2910208.0, 663552.0, 3010560.0, 663552.0, 3110912.0, 663552.0, 3211264.0, 663552.0, 3311616.0, 663552.0, 3411968.0, 663552.0, 3512320.0, 663552.0, 3612672.0, 663552.0, 3713024.0, 663552.0, 3813376.0, 663552.0, 3913728.0, 663552.0, 20070400.0, 501712.0, 115152.0, 526800.0, 115152.0, 551888.0, 115152.0, 576976.0, 115152.0, 602064.0, 115152.0, 627152.0, 115152.0, 652240.0, 115152.0, 677328.0, 115152.0, 702416.0, 115152.0, 727504.0, 115152.0, 752592.0, 115152.0, 777680.0, 115152.0, 802768.0, 115152.0, 827856.0, 115152.0, 852944.0, 115152.0, 878032.0, 115152.0, 903120.0, 115152.0, 928208.0, 115152.0, 953296.0, 115152.0, 978384.0, 115152.0, 1003472.0, 115152.0, 1028560.0, 115152.0, 1053648.0, 115152.0, 1078736.0, 115152.0, 1103824.0, 115152.0, 1128912.0, 115152.0, 1154000.0, 115152.0, 1179088.0, 115152.0, 1204176.0, 115152.0, 1229264.0, 115152.0, 1254352.0, 115152.0, 1279440.0, 115152.0, 207760.0]

RT=[738825.0]
DRAMS=[556854312.0]
SRAMS=[1417249520.0]
Batch Size:1

Elapsed Time=0:41:15.060205
