
***1x1 REPORT
*Runtime= 460800.0
*DRAM reads= 17273088.0, 12984320.0, 2621696
*total DRAM reads= 32879104.0
*SRAM reads= 25100544.0, 12984320.0, 20283648.0
*total SRAM reads= 58368512.0
*Weighted Util:60.45
*Weighted Pod Util:100.0
*Weighted PE ratio:71.78
*Per-layer info:
Runtimes=[3600.0, 3600.0, 3600.0, 900.0, 900.0, 3600.0, 3600.0, 3600.0, 900.0, 900.0, 3600.0, 3600.0, 3600.0, 900.0, 900.0, 3600.0, 3600.0, 3600.0, 900.0, 900.0, 3600.0, 3600.0, 3600.0, 900.0, 900.0, 3600.0, 3600.0, 3600.0, 900.0, 900.0, 3600.0, 3600.0, 3600.0, 900.0, 900.0, 3600.0, 3600.0, 3600.0, 900.0, 900.0, 3600.0, 3600.0, 3600.0, 900.0, 900.0, 3600.0, 3600.0, 3600.0, 900.0, 900.0, 3600.0, 3600.0, 3600.0, 900.0, 900.0, 3600.0, 3600.0, 3600.0, 900.0, 900.0, 3600.0, 3600.0, 3600.0, 900.0, 900.0, 3600.0, 3600.0, 3600.0, 900.0, 900.0, 3600.0, 3600.0, 3600.0, 900.0, 900.0, 3600.0, 3600.0, 3600.0, 900.0, 900.0, 28800.0, 115200.0, 115200.0]
IFMAP_DRAM=[200704.0, 200704.0, 200704.0, 12544.0, 38416.0, 200704.0, 200704.0, 200704.0, 12544.0, 38416.0, 200704.0, 200704.0, 200704.0, 12544.0, 38416.0, 200704.0, 200704.0, 200704.0, 12544.0, 38416.0, 200704.0, 200704.0, 200704.0, 12544.0, 38416.0, 200704.0, 200704.0, 200704.0, 12544.0, 38416.0, 200704.0, 200704.0, 200704.0, 12544.0, 38416.0, 200704.0, 200704.0, 200704.0, 12544.0, 38416.0, 200704.0, 200704.0, 200704.0, 12544.0, 38416.0, 200704.0, 200704.0, 200704.0, 12544.0, 38416.0, 200704.0, 200704.0, 200704.0, 12544.0, 38416.0, 200704.0, 200704.0, 200704.0, 12544.0, 38416.0, 200704.0, 200704.0, 200704.0, 12544.0, 38416.0, 200704.0, 200704.0, 200704.0, 12544.0, 38416.0, 200704.0, 200704.0, 200704.0, 12544.0, 38416.0, 200704.0, 200704.0, 200704.0, 12544.0, 38416.0, 200704.0, 200704.0, 6422528.0]
Filter_DRAM=[65536.0, 65536.0, 65536.0, 12544.0, 12544.0, 65536.0, 65536.0, 65536.0, 12544.0, 12544.0, 65536.0, 65536.0, 65536.0, 12544.0, 12544.0, 65536.0, 65536.0, 65536.0, 12544.0, 12544.0, 65536.0, 65536.0, 65536.0, 12544.0, 12544.0, 65536.0, 65536.0, 65536.0, 12544.0, 12544.0, 65536.0, 65536.0, 65536.0, 12544.0, 12544.0, 65536.0, 65536.0, 65536.0, 12544.0, 12544.0, 65536.0, 65536.0, 65536.0, 12544.0, 12544.0, 65536.0, 65536.0, 65536.0, 12544.0, 12544.0, 65536.0, 65536.0, 65536.0, 12544.0, 12544.0, 65536.0, 65536.0, 65536.0, 12544.0, 12544.0, 65536.0, 65536.0, 65536.0, 12544.0, 12544.0, 65536.0, 65536.0, 65536.0, 12544.0, 12544.0, 65536.0, 65536.0, 65536.0, 12544.0, 12544.0, 65536.0, 65536.0, 65536.0, 12544.0, 12544.0, 1048576.0, 4194304.0, 4194304.0]
OFMAP_DRAM=[12544, 12544, 12544, 38416, 12544, 12544, 12544, 12544, 38416, 12544, 12544, 12544, 12544, 38416, 12544, 12544, 12544, 12544, 38416, 12544, 12544, 12544, 12544, 38416, 12544, 12544, 12544, 12544, 38416, 12544, 12544, 12544, 12544, 38416, 12544, 12544, 12544, 12544, 38416, 12544, 12544, 12544, 12544, 38416, 12544, 12544, 12544, 12544, 38416, 12544, 12544, 12544, 12544, 38416, 12544, 12544, 12544, 12544, 38416, 12544, 12544, 12544, 12544, 38416, 12544, 12544, 12544, 12544, 38416, 12544, 12544, 12544, 12544, 38416, 12544, 12544, 12544, 12544, 38416, 12544, 200704, 802816, 200704]
IFMAP_SRAM=[200704.0, 200704.0, 200704.0, 25088.0, 38416.0, 200704.0, 200704.0, 200704.0, 25088.0, 38416.0, 200704.0, 200704.0, 200704.0, 25088.0, 38416.0, 200704.0, 200704.0, 200704.0, 25088.0, 38416.0, 200704.0, 200704.0, 200704.0, 25088.0, 38416.0, 200704.0, 200704.0, 200704.0, 25088.0, 38416.0, 200704.0, 200704.0, 200704.0, 25088.0, 38416.0, 200704.0, 200704.0, 200704.0, 25088.0, 38416.0, 200704.0, 200704.0, 200704.0, 25088.0, 38416.0, 200704.0, 200704.0, 200704.0, 25088.0, 38416.0, 200704.0, 200704.0, 200704.0, 25088.0, 38416.0, 200704.0, 200704.0, 200704.0, 25088.0, 38416.0, 200704.0, 200704.0, 200704.0, 25088.0, 38416.0, 200704.0, 200704.0, 200704.0, 25088.0, 38416.0, 200704.0, 200704.0, 200704.0, 25088.0, 38416.0, 200704.0, 200704.0, 200704.0, 25088.0, 38416.0, 1605632.0, 6422528.0, 6422528.0]
Filter_SRAM=[65536.0, 65536.0, 65536.0, 12544.0, 12544.0, 65536.0, 65536.0, 65536.0, 12544.0, 12544.0, 65536.0, 65536.0, 65536.0, 12544.0, 12544.0, 65536.0, 65536.0, 65536.0, 12544.0, 12544.0, 65536.0, 65536.0, 65536.0, 12544.0, 12544.0, 65536.0, 65536.0, 65536.0, 12544.0, 12544.0, 65536.0, 65536.0, 65536.0, 12544.0, 12544.0, 65536.0, 65536.0, 65536.0, 12544.0, 12544.0, 65536.0, 65536.0, 65536.0, 12544.0, 12544.0, 65536.0, 65536.0, 65536.0, 12544.0, 12544.0, 65536.0, 65536.0, 65536.0, 12544.0, 12544.0, 65536.0, 65536.0, 65536.0, 12544.0, 12544.0, 65536.0, 65536.0, 65536.0, 12544.0, 12544.0, 65536.0, 65536.0, 65536.0, 12544.0, 12544.0, 65536.0, 65536.0, 65536.0, 12544.0, 12544.0, 65536.0, 65536.0, 65536.0, 12544.0, 12544.0, 1048576.0, 4194304.0, 4194304.0]
OFMAP_SRAM=[100352.0, 100352.0, 100352.0, 38416.0, 25088.0, 100352.0, 100352.0, 100352.0, 38416.0, 25088.0, 100352.0, 100352.0, 100352.0, 38416.0, 25088.0, 100352.0, 100352.0, 100352.0, 38416.0, 25088.0, 100352.0, 100352.0, 100352.0, 38416.0, 25088.0, 100352.0, 100352.0, 100352.0, 38416.0, 25088.0, 100352.0, 100352.0, 100352.0, 38416.0, 25088.0, 100352.0, 100352.0, 100352.0, 38416.0, 25088.0, 100352.0, 100352.0, 100352.0, 38416.0, 25088.0, 100352.0, 100352.0, 100352.0, 38416.0, 25088.0, 100352.0, 100352.0, 100352.0, 38416.0, 25088.0, 100352.0, 100352.0, 100352.0, 38416.0, 25088.0, 100352.0, 100352.0, 100352.0, 38416.0, 25088.0, 100352.0, 100352.0, 100352.0, 38416.0, 25088.0, 100352.0, 100352.0, 100352.0, 38416.0, 25088.0, 100352.0, 100352.0, 100352.0, 38416.0, 25088.0, 1605632.0, 6422528.0, 6422528.0]

RT=[460800.0]
DRAMS=[32879104.0]
SRAMS=[58368512.0]
Batch Size:1

Elapsed Time=0:03:35.300433
