
***8x8 REPORT
*Runtime= 440880.0
*DRAM reads= 133367808.0, 103874560.0, 2621696
*total DRAM reads= 239864064.0
*SRAM reads= 200804352.0, 103874560.0, 159208448.0
*total SRAM reads= 463887360.0
*Weighted Util:60.61
*Weighted Pod Util:100.0
*Weighted PE ratio:72.46
*Per-layer info:
Runtimes=[3520.0, 3520.0, 3520.0, 440.0, 715.0, 3520.0, 3520.0, 3520.0, 440.0, 715.0, 3520.0, 3520.0, 3520.0, 440.0, 715.0, 3520.0, 3520.0, 3520.0, 440.0, 715.0, 3520.0, 3520.0, 3520.0, 440.0, 715.0, 3520.0, 3520.0, 3520.0, 440.0, 715.0, 3520.0, 3520.0, 3520.0, 440.0, 715.0, 3520.0, 3520.0, 3520.0, 440.0, 715.0, 3520.0, 3520.0, 3520.0, 440.0, 715.0, 3520.0, 3520.0, 3520.0, 440.0, 715.0, 3520.0, 3520.0, 3520.0, 440.0, 715.0, 3520.0, 3520.0, 3520.0, 440.0, 715.0, 3520.0, 3520.0, 3520.0, 440.0, 715.0, 3520.0, 3520.0, 3520.0, 440.0, 715.0, 3520.0, 3520.0, 3520.0, 440.0, 715.0, 3520.0, 3520.0, 3520.0, 440.0, 715.0, 28160.0, 112640.0, 112640.0]
IFMAP_DRAM=[1605632.0, 1605632.0, 1605632.0, 100352.0, 307328.0, 1605632.0, 1605632.0, 1605632.0, 100352.0, 307328.0, 1605632.0, 1605632.0, 1605632.0, 100352.0, 307328.0, 1605632.0, 1605632.0, 1605632.0, 100352.0, 307328.0, 1605632.0, 1605632.0, 1605632.0, 100352.0, 307328.0, 1605632.0, 1605632.0, 1605632.0, 100352.0, 307328.0, 1605632.0, 1605632.0, 1605632.0, 100352.0, 307328.0, 1605632.0, 1605632.0, 1605632.0, 100352.0, 307328.0, 1605632.0, 1605632.0, 1605632.0, 100352.0, 307328.0, 1605632.0, 1605632.0, 1605632.0, 100352.0, 307328.0, 1605632.0, 1605632.0, 1605632.0, 100352.0, 307328.0, 1605632.0, 1605632.0, 1605632.0, 100352.0, 307328.0, 1605632.0, 1605632.0, 1605632.0, 100352.0, 307328.0, 1605632.0, 1605632.0, 1605632.0, 100352.0, 307328.0, 1605632.0, 1605632.0, 1605632.0, 100352.0, 307328.0, 1605632.0, 1605632.0, 1605632.0, 100352.0, 307328.0, 1605632.0, 1605632.0, 46563328.0]
Filter_DRAM=[524288.0, 524288.0, 524288.0, 100352.0, 100352.0, 524288.0, 524288.0, 524288.0, 100352.0, 100352.0, 524288.0, 524288.0, 524288.0, 100352.0, 100352.0, 524288.0, 524288.0, 524288.0, 100352.0, 100352.0, 524288.0, 524288.0, 524288.0, 100352.0, 100352.0, 524288.0, 524288.0, 524288.0, 100352.0, 100352.0, 524288.0, 524288.0, 524288.0, 100352.0, 100352.0, 524288.0, 524288.0, 524288.0, 100352.0, 100352.0, 524288.0, 524288.0, 524288.0, 100352.0, 100352.0, 524288.0, 524288.0, 524288.0, 100352.0, 100352.0, 524288.0, 524288.0, 524288.0, 100352.0, 100352.0, 524288.0, 524288.0, 524288.0, 100352.0, 100352.0, 524288.0, 524288.0, 524288.0, 100352.0, 100352.0, 524288.0, 524288.0, 524288.0, 100352.0, 100352.0, 524288.0, 524288.0, 524288.0, 100352.0, 100352.0, 524288.0, 524288.0, 524288.0, 100352.0, 100352.0, 8388608.0, 33554432.0, 33554432.0]
OFMAP_DRAM=[12544, 12544, 12544, 38416, 12544, 12544, 12544, 12544, 38416, 12544, 12544, 12544, 12544, 38416, 12544, 12544, 12544, 12544, 38416, 12544, 12544, 12544, 12544, 38416, 12544, 12544, 12544, 12544, 38416, 12544, 12544, 12544, 12544, 38416, 12544, 12544, 12544, 12544, 38416, 12544, 12544, 12544, 12544, 38416, 12544, 12544, 12544, 12544, 38416, 12544, 12544, 12544, 12544, 38416, 12544, 12544, 12544, 12544, 38416, 12544, 12544, 12544, 12544, 38416, 12544, 12544, 12544, 12544, 38416, 12544, 12544, 12544, 12544, 38416, 12544, 12544, 12544, 12544, 38416, 12544, 200704, 802816, 200704]
IFMAP_SRAM=[1605632.0, 1605632.0, 1605632.0, 200704.0, 307328.0, 1605632.0, 1605632.0, 1605632.0, 200704.0, 307328.0, 1605632.0, 1605632.0, 1605632.0, 200704.0, 307328.0, 1605632.0, 1605632.0, 1605632.0, 200704.0, 307328.0, 1605632.0, 1605632.0, 1605632.0, 200704.0, 307328.0, 1605632.0, 1605632.0, 1605632.0, 200704.0, 307328.0, 1605632.0, 1605632.0, 1605632.0, 200704.0, 307328.0, 1605632.0, 1605632.0, 1605632.0, 200704.0, 307328.0, 1605632.0, 1605632.0, 1605632.0, 200704.0, 307328.0, 1605632.0, 1605632.0, 1605632.0, 200704.0, 307328.0, 1605632.0, 1605632.0, 1605632.0, 200704.0, 307328.0, 1605632.0, 1605632.0, 1605632.0, 200704.0, 307328.0, 1605632.0, 1605632.0, 1605632.0, 200704.0, 307328.0, 1605632.0, 1605632.0, 1605632.0, 200704.0, 307328.0, 1605632.0, 1605632.0, 1605632.0, 200704.0, 307328.0, 1605632.0, 1605632.0, 1605632.0, 200704.0, 307328.0, 12845056.0, 51380224.0, 51380224.0]
Filter_SRAM=[524288.0, 524288.0, 524288.0, 100352.0, 100352.0, 524288.0, 524288.0, 524288.0, 100352.0, 100352.0, 524288.0, 524288.0, 524288.0, 100352.0, 100352.0, 524288.0, 524288.0, 524288.0, 100352.0, 100352.0, 524288.0, 524288.0, 524288.0, 100352.0, 100352.0, 524288.0, 524288.0, 524288.0, 100352.0, 100352.0, 524288.0, 524288.0, 524288.0, 100352.0, 100352.0, 524288.0, 524288.0, 524288.0, 100352.0, 100352.0, 524288.0, 524288.0, 524288.0, 100352.0, 100352.0, 524288.0, 524288.0, 524288.0, 100352.0, 100352.0, 524288.0, 524288.0, 524288.0, 100352.0, 100352.0, 524288.0, 524288.0, 524288.0, 100352.0, 100352.0, 524288.0, 524288.0, 524288.0, 100352.0, 100352.0, 524288.0, 524288.0, 524288.0, 100352.0, 100352.0, 524288.0, 524288.0, 524288.0, 100352.0, 100352.0, 524288.0, 524288.0, 524288.0, 100352.0, 100352.0, 8388608.0, 33554432.0, 33554432.0]
OFMAP_SRAM=[802816.0, 802816.0, 802816.0, 153664.0, 163072.0, 802816.0, 802816.0, 802816.0, 153664.0, 163072.0, 802816.0, 802816.0, 802816.0, 153664.0, 163072.0, 802816.0, 802816.0, 802816.0, 153664.0, 163072.0, 802816.0, 802816.0, 802816.0, 153664.0, 163072.0, 802816.0, 802816.0, 802816.0, 153664.0, 163072.0, 802816.0, 802816.0, 802816.0, 153664.0, 163072.0, 802816.0, 802816.0, 802816.0, 153664.0, 163072.0, 802816.0, 802816.0, 802816.0, 153664.0, 163072.0, 802816.0, 802816.0, 802816.0, 153664.0, 163072.0, 802816.0, 802816.0, 802816.0, 153664.0, 163072.0, 802816.0, 802816.0, 802816.0, 153664.0, 163072.0, 802816.0, 802816.0, 802816.0, 153664.0, 163072.0, 802816.0, 802816.0, 802816.0, 153664.0, 163072.0, 802816.0, 802816.0, 802816.0, 153664.0, 163072.0, 802816.0, 802816.0, 802816.0, 153664.0, 163072.0, 12845056.0, 51380224.0, 51380224.0]

RT=[440880.0]
DRAMS=[239864064.0]
SRAMS=[463887360.0]
Batch Size:1

Elapsed Time=0:24:42.367324
