
***4x4 REPORT
*Runtime= 445776.0
*DRAM reads= 69092352.0, 51937280.0, 2621696
*total DRAM reads= 123651328.0
*SRAM reads= 100402176.0, 51937280.0, 79704576.0
*total SRAM reads= 232044032.0
*Weighted Util:60.57
*Weighted Pod Util:100.0
*Weighted PE ratio:72.07
*Per-layer info:
Runtimes=[3552.0, 3552.0, 3552.0, 444.0, 777.0, 3552.0, 3552.0, 3552.0, 444.0, 777.0, 3552.0, 3552.0, 3552.0, 444.0, 777.0, 3552.0, 3552.0, 3552.0, 444.0, 777.0, 3552.0, 3552.0, 3552.0, 444.0, 777.0, 3552.0, 3552.0, 3552.0, 444.0, 777.0, 3552.0, 3552.0, 3552.0, 444.0, 777.0, 3552.0, 3552.0, 3552.0, 444.0, 777.0, 3552.0, 3552.0, 3552.0, 444.0, 777.0, 3552.0, 3552.0, 3552.0, 444.0, 777.0, 3552.0, 3552.0, 3552.0, 444.0, 777.0, 3552.0, 3552.0, 3552.0, 444.0, 777.0, 3552.0, 3552.0, 3552.0, 444.0, 777.0, 3552.0, 3552.0, 3552.0, 444.0, 777.0, 3552.0, 3552.0, 3552.0, 444.0, 777.0, 3552.0, 3552.0, 3552.0, 444.0, 777.0, 28416.0, 113664.0, 113664.0]
IFMAP_DRAM=[802816.0, 802816.0, 802816.0, 50176.0, 153664.0, 802816.0, 802816.0, 802816.0, 50176.0, 153664.0, 802816.0, 802816.0, 802816.0, 50176.0, 153664.0, 802816.0, 802816.0, 802816.0, 50176.0, 153664.0, 802816.0, 802816.0, 802816.0, 50176.0, 153664.0, 802816.0, 802816.0, 802816.0, 50176.0, 153664.0, 802816.0, 802816.0, 802816.0, 50176.0, 153664.0, 802816.0, 802816.0, 802816.0, 50176.0, 153664.0, 802816.0, 802816.0, 802816.0, 50176.0, 153664.0, 802816.0, 802816.0, 802816.0, 50176.0, 153664.0, 802816.0, 802816.0, 802816.0, 50176.0, 153664.0, 802816.0, 802816.0, 802816.0, 50176.0, 153664.0, 802816.0, 802816.0, 802816.0, 50176.0, 153664.0, 802816.0, 802816.0, 802816.0, 50176.0, 153664.0, 802816.0, 802816.0, 802816.0, 50176.0, 153664.0, 802816.0, 802816.0, 802816.0, 50176.0, 153664.0, 802816.0, 802816.0, 25690112.0]
Filter_DRAM=[262144.0, 262144.0, 262144.0, 50176.0, 50176.0, 262144.0, 262144.0, 262144.0, 50176.0, 50176.0, 262144.0, 262144.0, 262144.0, 50176.0, 50176.0, 262144.0, 262144.0, 262144.0, 50176.0, 50176.0, 262144.0, 262144.0, 262144.0, 50176.0, 50176.0, 262144.0, 262144.0, 262144.0, 50176.0, 50176.0, 262144.0, 262144.0, 262144.0, 50176.0, 50176.0, 262144.0, 262144.0, 262144.0, 50176.0, 50176.0, 262144.0, 262144.0, 262144.0, 50176.0, 50176.0, 262144.0, 262144.0, 262144.0, 50176.0, 50176.0, 262144.0, 262144.0, 262144.0, 50176.0, 50176.0, 262144.0, 262144.0, 262144.0, 50176.0, 50176.0, 262144.0, 262144.0, 262144.0, 50176.0, 50176.0, 262144.0, 262144.0, 262144.0, 50176.0, 50176.0, 262144.0, 262144.0, 262144.0, 50176.0, 50176.0, 262144.0, 262144.0, 262144.0, 50176.0, 50176.0, 4194304.0, 16777216.0, 16777216.0]
OFMAP_DRAM=[12544, 12544, 12544, 38416, 12544, 12544, 12544, 12544, 38416, 12544, 12544, 12544, 12544, 38416, 12544, 12544, 12544, 12544, 38416, 12544, 12544, 12544, 12544, 38416, 12544, 12544, 12544, 12544, 38416, 12544, 12544, 12544, 12544, 38416, 12544, 12544, 12544, 12544, 38416, 12544, 12544, 12544, 12544, 38416, 12544, 12544, 12544, 12544, 38416, 12544, 12544, 12544, 12544, 38416, 12544, 12544, 12544, 12544, 38416, 12544, 12544, 12544, 12544, 38416, 12544, 12544, 12544, 12544, 38416, 12544, 12544, 12544, 12544, 38416, 12544, 12544, 12544, 12544, 38416, 12544, 200704, 802816, 200704]
IFMAP_SRAM=[802816.0, 802816.0, 802816.0, 100352.0, 153664.0, 802816.0, 802816.0, 802816.0, 100352.0, 153664.0, 802816.0, 802816.0, 802816.0, 100352.0, 153664.0, 802816.0, 802816.0, 802816.0, 100352.0, 153664.0, 802816.0, 802816.0, 802816.0, 100352.0, 153664.0, 802816.0, 802816.0, 802816.0, 100352.0, 153664.0, 802816.0, 802816.0, 802816.0, 100352.0, 153664.0, 802816.0, 802816.0, 802816.0, 100352.0, 153664.0, 802816.0, 802816.0, 802816.0, 100352.0, 153664.0, 802816.0, 802816.0, 802816.0, 100352.0, 153664.0, 802816.0, 802816.0, 802816.0, 100352.0, 153664.0, 802816.0, 802816.0, 802816.0, 100352.0, 153664.0, 802816.0, 802816.0, 802816.0, 100352.0, 153664.0, 802816.0, 802816.0, 802816.0, 100352.0, 153664.0, 802816.0, 802816.0, 802816.0, 100352.0, 153664.0, 802816.0, 802816.0, 802816.0, 100352.0, 153664.0, 6422528.0, 25690112.0, 25690112.0]
Filter_SRAM=[262144.0, 262144.0, 262144.0, 50176.0, 50176.0, 262144.0, 262144.0, 262144.0, 50176.0, 50176.0, 262144.0, 262144.0, 262144.0, 50176.0, 50176.0, 262144.0, 262144.0, 262144.0, 50176.0, 50176.0, 262144.0, 262144.0, 262144.0, 50176.0, 50176.0, 262144.0, 262144.0, 262144.0, 50176.0, 50176.0, 262144.0, 262144.0, 262144.0, 50176.0, 50176.0, 262144.0, 262144.0, 262144.0, 50176.0, 50176.0, 262144.0, 262144.0, 262144.0, 50176.0, 50176.0, 262144.0, 262144.0, 262144.0, 50176.0, 50176.0, 262144.0, 262144.0, 262144.0, 50176.0, 50176.0, 262144.0, 262144.0, 262144.0, 50176.0, 50176.0, 262144.0, 262144.0, 262144.0, 50176.0, 50176.0, 262144.0, 262144.0, 262144.0, 50176.0, 50176.0, 262144.0, 262144.0, 262144.0, 50176.0, 50176.0, 262144.0, 262144.0, 262144.0, 50176.0, 50176.0, 4194304.0, 16777216.0, 16777216.0]
OFMAP_SRAM=[401408.0, 401408.0, 401408.0, 76832.0, 87808.0, 401408.0, 401408.0, 401408.0, 76832.0, 87808.0, 401408.0, 401408.0, 401408.0, 76832.0, 87808.0, 401408.0, 401408.0, 401408.0, 76832.0, 87808.0, 401408.0, 401408.0, 401408.0, 76832.0, 87808.0, 401408.0, 401408.0, 401408.0, 76832.0, 87808.0, 401408.0, 401408.0, 401408.0, 76832.0, 87808.0, 401408.0, 401408.0, 401408.0, 76832.0, 87808.0, 401408.0, 401408.0, 401408.0, 76832.0, 87808.0, 401408.0, 401408.0, 401408.0, 76832.0, 87808.0, 401408.0, 401408.0, 401408.0, 76832.0, 87808.0, 401408.0, 401408.0, 401408.0, 76832.0, 87808.0, 401408.0, 401408.0, 401408.0, 76832.0, 87808.0, 401408.0, 401408.0, 401408.0, 76832.0, 87808.0, 401408.0, 401408.0, 401408.0, 76832.0, 87808.0, 401408.0, 401408.0, 401408.0, 76832.0, 87808.0, 6422528.0, 25690112.0, 25690112.0]

RT=[445776.0]
DRAMS=[123651328.0]
SRAMS=[232044032.0]
Batch Size:1

Elapsed Time=0:10:44.754832
