
***32x32 REPORT
*Runtime= 416208.0
*DRAM reads= 551923584.0, 363548544.0, 2621696
*total DRAM reads= 918093824.0
*SRAM reads= 801599360.0, 363548544.0, 636219264.0
*total SRAM reads= 1801367168.0
*Weighted Util:60.65
*Weighted Pod Util:87.33
*Weighted PE ratio:76.92
*Per-layer info:
Runtimes=[3328.0, 3328.0, 3328.0, 416.0, 637.0, 3328.0, 3328.0, 3328.0, 416.0, 637.0, 3328.0, 3328.0, 3328.0, 416.0, 637.0, 3328.0, 3328.0, 3328.0, 416.0, 637.0, 3328.0, 3328.0, 3328.0, 416.0, 637.0, 3328.0, 3328.0, 3328.0, 416.0, 637.0, 3328.0, 3328.0, 3328.0, 416.0, 637.0, 3328.0, 3328.0, 3328.0, 416.0, 637.0, 3328.0, 3328.0, 3328.0, 416.0, 637.0, 3328.0, 3328.0, 3328.0, 416.0, 637.0, 3328.0, 3328.0, 3328.0, 416.0, 637.0, 3328.0, 3328.0, 3328.0, 416.0, 637.0, 3328.0, 3328.0, 3328.0, 416.0, 637.0, 3328.0, 3328.0, 3328.0, 416.0, 637.0, 3328.0, 3328.0, 3328.0, 416.0, 637.0, 3328.0, 3328.0, 3328.0, 416.0, 637.0, 26624.0, 106496.0, 106496.0]
IFMAP_DRAM=[6422400.0, 6422400.0, 6422400.0, 350992.0, 1229184.0, 6422400.0, 6422400.0, 6422400.0, 350992.0, 1229184.0, 6422400.0, 6422400.0, 6422400.0, 350992.0, 1229184.0, 6422400.0, 6422400.0, 6422400.0, 350992.0, 1229184.0, 6422400.0, 6422400.0, 6422400.0, 350992.0, 1229184.0, 6422400.0, 6422400.0, 6422400.0, 350992.0, 1229184.0, 6422400.0, 6422400.0, 6422400.0, 350992.0, 1229184.0, 6422400.0, 6422400.0, 6422400.0, 350992.0, 1229184.0, 6422400.0, 6422400.0, 6422400.0, 350992.0, 1229184.0, 6422400.0, 6422400.0, 6422400.0, 350992.0, 1229184.0, 6422400.0, 6422400.0, 6422400.0, 350992.0, 1229184.0, 6422400.0, 6422400.0, 6422400.0, 350992.0, 1229184.0, 6422400.0, 6422400.0, 6422400.0, 350992.0, 1229184.0, 6422400.0, 6422400.0, 6422400.0, 350992.0, 1229184.0, 6422400.0, 6422400.0, 6422400.0, 350992.0, 1229184.0, 6422400.0, 6422400.0, 6422400.0, 350992.0, 1229184.0, 6422400.0, 6422400.0, 205520768.0]
Filter_DRAM=[1834880.0, 1834880.0, 1834880.0, 350992.0, 351104.0, 1834880.0, 1834880.0, 1834880.0, 350992.0, 351104.0, 1834880.0, 1834880.0, 1834880.0, 350992.0, 351104.0, 1834880.0, 1834880.0, 1834880.0, 350992.0, 351104.0, 1834880.0, 1834880.0, 1834880.0, 350992.0, 351104.0, 1834880.0, 1834880.0, 1834880.0, 350992.0, 351104.0, 1834880.0, 1834880.0, 1834880.0, 350992.0, 351104.0, 1834880.0, 1834880.0, 1834880.0, 350992.0, 351104.0, 1834880.0, 1834880.0, 1834880.0, 350992.0, 351104.0, 1834880.0, 1834880.0, 1834880.0, 350992.0, 351104.0, 1834880.0, 1834880.0, 1834880.0, 350992.0, 351104.0, 1834880.0, 1834880.0, 1834880.0, 350992.0, 351104.0, 1834880.0, 1834880.0, 1834880.0, 350992.0, 351104.0, 1834880.0, 1834880.0, 1834880.0, 350992.0, 351104.0, 1834880.0, 1834880.0, 1834880.0, 350992.0, 351104.0, 1834880.0, 1834880.0, 1834880.0, 350992.0, 351104.0, 29360000.0, 117440384.0, 117440384.0]
OFMAP_DRAM=[12544, 12544, 12544, 38416, 12544, 12544, 12544, 12544, 38416, 12544, 12544, 12544, 12544, 38416, 12544, 12544, 12544, 12544, 38416, 12544, 12544, 12544, 12544, 38416, 12544, 12544, 12544, 12544, 38416, 12544, 12544, 12544, 12544, 38416, 12544, 12544, 12544, 12544, 38416, 12544, 12544, 12544, 12544, 38416, 12544, 12544, 12544, 12544, 38416, 12544, 12544, 12544, 12544, 38416, 12544, 12544, 12544, 12544, 38416, 12544, 12544, 12544, 12544, 38416, 12544, 12544, 12544, 12544, 38416, 12544, 12544, 12544, 12544, 38416, 12544, 12544, 12544, 12544, 38416, 12544, 200704, 802816, 200704]
IFMAP_SRAM=[6422400.0, 6422400.0, 6422400.0, 702224.0, 1229184.0, 6422400.0, 6422400.0, 6422400.0, 702224.0, 1229184.0, 6422400.0, 6422400.0, 6422400.0, 702224.0, 1229184.0, 6422400.0, 6422400.0, 6422400.0, 702224.0, 1229184.0, 6422400.0, 6422400.0, 6422400.0, 702224.0, 1229184.0, 6422400.0, 6422400.0, 6422400.0, 702224.0, 1229184.0, 6422400.0, 6422400.0, 6422400.0, 702224.0, 1229184.0, 6422400.0, 6422400.0, 6422400.0, 702224.0, 1229184.0, 6422400.0, 6422400.0, 6422400.0, 702224.0, 1229184.0, 6422400.0, 6422400.0, 6422400.0, 702224.0, 1229184.0, 6422400.0, 6422400.0, 6422400.0, 702224.0, 1229184.0, 6422400.0, 6422400.0, 6422400.0, 702224.0, 1229184.0, 6422400.0, 6422400.0, 6422400.0, 702224.0, 1229184.0, 6422400.0, 6422400.0, 6422400.0, 702224.0, 1229184.0, 6422400.0, 6422400.0, 6422400.0, 702224.0, 1229184.0, 6422400.0, 6422400.0, 6422400.0, 702224.0, 1229184.0, 51380096.0, 205520768.0, 205520768.0]
Filter_SRAM=[1834880.0, 1834880.0, 1834880.0, 350992.0, 351104.0, 1834880.0, 1834880.0, 1834880.0, 350992.0, 351104.0, 1834880.0, 1834880.0, 1834880.0, 350992.0, 351104.0, 1834880.0, 1834880.0, 1834880.0, 350992.0, 351104.0, 1834880.0, 1834880.0, 1834880.0, 350992.0, 351104.0, 1834880.0, 1834880.0, 1834880.0, 350992.0, 351104.0, 1834880.0, 1834880.0, 1834880.0, 350992.0, 351104.0, 1834880.0, 1834880.0, 1834880.0, 350992.0, 351104.0, 1834880.0, 1834880.0, 1834880.0, 350992.0, 351104.0, 1834880.0, 1834880.0, 1834880.0, 350992.0, 351104.0, 1834880.0, 1834880.0, 1834880.0, 350992.0, 351104.0, 1834880.0, 1834880.0, 1834880.0, 350992.0, 351104.0, 1834880.0, 1834880.0, 1834880.0, 350992.0, 351104.0, 1834880.0, 1834880.0, 1834880.0, 350992.0, 351104.0, 1834880.0, 1834880.0, 1834880.0, 350992.0, 351104.0, 1834880.0, 1834880.0, 1834880.0, 350992.0, 351104.0, 29360000.0, 117440384.0, 117440384.0]
OFMAP_SRAM=[3211136.0, 3211136.0, 3211136.0, 614416.0, 614528.0, 3211136.0, 3211136.0, 3211136.0, 614416.0, 614528.0, 3211136.0, 3211136.0, 3211136.0, 614416.0, 614528.0, 3211136.0, 3211136.0, 3211136.0, 614416.0, 614528.0, 3211136.0, 3211136.0, 3211136.0, 614416.0, 614528.0, 3211136.0, 3211136.0, 3211136.0, 614416.0, 614528.0, 3211136.0, 3211136.0, 3211136.0, 614416.0, 614528.0, 3211136.0, 3211136.0, 3211136.0, 614416.0, 614528.0, 3211136.0, 3211136.0, 3211136.0, 614416.0, 614528.0, 3211136.0, 3211136.0, 3211136.0, 614416.0, 614528.0, 3211136.0, 3211136.0, 3211136.0, 614416.0, 614528.0, 3211136.0, 3211136.0, 3211136.0, 614416.0, 614528.0, 3211136.0, 3211136.0, 3211136.0, 614416.0, 614528.0, 3211136.0, 3211136.0, 3211136.0, 614416.0, 614528.0, 3211136.0, 3211136.0, 3211136.0, 614416.0, 614528.0, 3211136.0, 3211136.0, 3211136.0, 614416.0, 614528.0, 51380096.0, 205520768.0, 205520768.0]

RT=[416208.0]
DRAMS=[918093824.0]
SRAMS=[1801367168.0]
Batch Size:1

Elapsed Time=4:18:18.620060
