
***2x2 REPORT
*Runtime= 451584.0
*DRAM reads= 34546176.0, 25968640.0, 2621696
*total DRAM reads= 63136512.0
*SRAM reads= 50201088.0, 25968640.0, 39952640.0
*total SRAM reads= 116122368.0
*Weighted Util:60.48
*Weighted Pod Util:100.0
*Weighted PE ratio:71.88
*Per-layer info:
Runtimes=[3584.0, 3584.0, 3584.0, 448.0, 896.0, 3584.0, 3584.0, 3584.0, 448.0, 896.0, 3584.0, 3584.0, 3584.0, 448.0, 896.0, 3584.0, 3584.0, 3584.0, 448.0, 896.0, 3584.0, 3584.0, 3584.0, 448.0, 896.0, 3584.0, 3584.0, 3584.0, 448.0, 896.0, 3584.0, 3584.0, 3584.0, 448.0, 896.0, 3584.0, 3584.0, 3584.0, 448.0, 896.0, 3584.0, 3584.0, 3584.0, 448.0, 896.0, 3584.0, 3584.0, 3584.0, 448.0, 896.0, 3584.0, 3584.0, 3584.0, 448.0, 896.0, 3584.0, 3584.0, 3584.0, 448.0, 896.0, 3584.0, 3584.0, 3584.0, 448.0, 896.0, 3584.0, 3584.0, 3584.0, 448.0, 896.0, 3584.0, 3584.0, 3584.0, 448.0, 896.0, 3584.0, 3584.0, 3584.0, 448.0, 896.0, 28672.0, 114688.0, 114688.0]
IFMAP_DRAM=[401408.0, 401408.0, 401408.0, 25088.0, 76832.0, 401408.0, 401408.0, 401408.0, 25088.0, 76832.0, 401408.0, 401408.0, 401408.0, 25088.0, 76832.0, 401408.0, 401408.0, 401408.0, 25088.0, 76832.0, 401408.0, 401408.0, 401408.0, 25088.0, 76832.0, 401408.0, 401408.0, 401408.0, 25088.0, 76832.0, 401408.0, 401408.0, 401408.0, 25088.0, 76832.0, 401408.0, 401408.0, 401408.0, 25088.0, 76832.0, 401408.0, 401408.0, 401408.0, 25088.0, 76832.0, 401408.0, 401408.0, 401408.0, 25088.0, 76832.0, 401408.0, 401408.0, 401408.0, 25088.0, 76832.0, 401408.0, 401408.0, 401408.0, 25088.0, 76832.0, 401408.0, 401408.0, 401408.0, 25088.0, 76832.0, 401408.0, 401408.0, 401408.0, 25088.0, 76832.0, 401408.0, 401408.0, 401408.0, 25088.0, 76832.0, 401408.0, 401408.0, 401408.0, 25088.0, 76832.0, 401408.0, 401408.0, 12845056.0]
Filter_DRAM=[131072.0, 131072.0, 131072.0, 25088.0, 25088.0, 131072.0, 131072.0, 131072.0, 25088.0, 25088.0, 131072.0, 131072.0, 131072.0, 25088.0, 25088.0, 131072.0, 131072.0, 131072.0, 25088.0, 25088.0, 131072.0, 131072.0, 131072.0, 25088.0, 25088.0, 131072.0, 131072.0, 131072.0, 25088.0, 25088.0, 131072.0, 131072.0, 131072.0, 25088.0, 25088.0, 131072.0, 131072.0, 131072.0, 25088.0, 25088.0, 131072.0, 131072.0, 131072.0, 25088.0, 25088.0, 131072.0, 131072.0, 131072.0, 25088.0, 25088.0, 131072.0, 131072.0, 131072.0, 25088.0, 25088.0, 131072.0, 131072.0, 131072.0, 25088.0, 25088.0, 131072.0, 131072.0, 131072.0, 25088.0, 25088.0, 131072.0, 131072.0, 131072.0, 25088.0, 25088.0, 131072.0, 131072.0, 131072.0, 25088.0, 25088.0, 131072.0, 131072.0, 131072.0, 25088.0, 25088.0, 2097152.0, 8388608.0, 8388608.0]
OFMAP_DRAM=[12544, 12544, 12544, 38416, 12544, 12544, 12544, 12544, 38416, 12544, 12544, 12544, 12544, 38416, 12544, 12544, 12544, 12544, 38416, 12544, 12544, 12544, 12544, 38416, 12544, 12544, 12544, 12544, 38416, 12544, 12544, 12544, 12544, 38416, 12544, 12544, 12544, 12544, 38416, 12544, 12544, 12544, 12544, 38416, 12544, 12544, 12544, 12544, 38416, 12544, 12544, 12544, 12544, 38416, 12544, 12544, 12544, 12544, 38416, 12544, 12544, 12544, 12544, 38416, 12544, 12544, 12544, 12544, 38416, 12544, 12544, 12544, 12544, 38416, 12544, 12544, 12544, 12544, 38416, 12544, 200704, 802816, 200704]
IFMAP_SRAM=[401408.0, 401408.0, 401408.0, 50176.0, 76832.0, 401408.0, 401408.0, 401408.0, 50176.0, 76832.0, 401408.0, 401408.0, 401408.0, 50176.0, 76832.0, 401408.0, 401408.0, 401408.0, 50176.0, 76832.0, 401408.0, 401408.0, 401408.0, 50176.0, 76832.0, 401408.0, 401408.0, 401408.0, 50176.0, 76832.0, 401408.0, 401408.0, 401408.0, 50176.0, 76832.0, 401408.0, 401408.0, 401408.0, 50176.0, 76832.0, 401408.0, 401408.0, 401408.0, 50176.0, 76832.0, 401408.0, 401408.0, 401408.0, 50176.0, 76832.0, 401408.0, 401408.0, 401408.0, 50176.0, 76832.0, 401408.0, 401408.0, 401408.0, 50176.0, 76832.0, 401408.0, 401408.0, 401408.0, 50176.0, 76832.0, 401408.0, 401408.0, 401408.0, 50176.0, 76832.0, 401408.0, 401408.0, 401408.0, 50176.0, 76832.0, 401408.0, 401408.0, 401408.0, 50176.0, 76832.0, 3211264.0, 12845056.0, 12845056.0]
Filter_SRAM=[131072.0, 131072.0, 131072.0, 25088.0, 25088.0, 131072.0, 131072.0, 131072.0, 25088.0, 25088.0, 131072.0, 131072.0, 131072.0, 25088.0, 25088.0, 131072.0, 131072.0, 131072.0, 25088.0, 25088.0, 131072.0, 131072.0, 131072.0, 25088.0, 25088.0, 131072.0, 131072.0, 131072.0, 25088.0, 25088.0, 131072.0, 131072.0, 131072.0, 25088.0, 25088.0, 131072.0, 131072.0, 131072.0, 25088.0, 25088.0, 131072.0, 131072.0, 131072.0, 25088.0, 25088.0, 131072.0, 131072.0, 131072.0, 25088.0, 25088.0, 131072.0, 131072.0, 131072.0, 25088.0, 25088.0, 131072.0, 131072.0, 131072.0, 25088.0, 25088.0, 131072.0, 131072.0, 131072.0, 25088.0, 25088.0, 131072.0, 131072.0, 131072.0, 25088.0, 25088.0, 131072.0, 131072.0, 131072.0, 25088.0, 25088.0, 131072.0, 131072.0, 131072.0, 25088.0, 25088.0, 2097152.0, 8388608.0, 8388608.0]
OFMAP_SRAM=[200704.0, 200704.0, 200704.0, 38416.0, 50176.0, 200704.0, 200704.0, 200704.0, 38416.0, 50176.0, 200704.0, 200704.0, 200704.0, 38416.0, 50176.0, 200704.0, 200704.0, 200704.0, 38416.0, 50176.0, 200704.0, 200704.0, 200704.0, 38416.0, 50176.0, 200704.0, 200704.0, 200704.0, 38416.0, 50176.0, 200704.0, 200704.0, 200704.0, 38416.0, 50176.0, 200704.0, 200704.0, 200704.0, 38416.0, 50176.0, 200704.0, 200704.0, 200704.0, 38416.0, 50176.0, 200704.0, 200704.0, 200704.0, 38416.0, 50176.0, 200704.0, 200704.0, 200704.0, 38416.0, 50176.0, 200704.0, 200704.0, 200704.0, 38416.0, 50176.0, 200704.0, 200704.0, 200704.0, 38416.0, 50176.0, 200704.0, 200704.0, 200704.0, 38416.0, 50176.0, 200704.0, 200704.0, 200704.0, 38416.0, 50176.0, 200704.0, 200704.0, 200704.0, 38416.0, 50176.0, 3211264.0, 12845056.0, 12845056.0]

RT=[451584.0]
DRAMS=[63136512.0]
SRAMS=[116122368.0]
Batch Size:1

Elapsed Time=0:06:16.980973
