
***16x16 REPORT
*Runtime= 432432.0
*DRAM reads= 275910656.0, 207749120.0, 2621696
*total DRAM reads= 486281472.0
*SRAM reads= 401408000.0, 207749120.0, 318216192.0
*total SRAM reads= 927373312.0
*Weighted Util:60.95
*Weighted Pod Util:100.0
*Weighted PE ratio:72.78
*Per-layer info:
Runtimes=[3456.0, 3456.0, 3456.0, 432.0, 675.0, 3456.0, 3456.0, 3456.0, 432.0, 675.0, 3456.0, 3456.0, 3456.0, 432.0, 675.0, 3456.0, 3456.0, 3456.0, 432.0, 675.0, 3456.0, 3456.0, 3456.0, 432.0, 675.0, 3456.0, 3456.0, 3456.0, 432.0, 675.0, 3456.0, 3456.0, 3456.0, 432.0, 675.0, 3456.0, 3456.0, 3456.0, 432.0, 675.0, 3456.0, 3456.0, 3456.0, 432.0, 675.0, 3456.0, 3456.0, 3456.0, 432.0, 675.0, 3456.0, 3456.0, 3456.0, 432.0, 675.0, 3456.0, 3456.0, 3456.0, 432.0, 675.0, 3456.0, 3456.0, 3456.0, 432.0, 675.0, 3456.0, 3456.0, 3456.0, 432.0, 675.0, 3456.0, 3456.0, 3456.0, 432.0, 675.0, 3456.0, 3456.0, 3456.0, 432.0, 675.0, 27648.0, 110592.0, 110592.0]
IFMAP_DRAM=[3211264.0, 3211264.0, 3211264.0, 200704.0, 614656.0, 3211264.0, 3211264.0, 3211264.0, 200704.0, 614656.0, 3211264.0, 3211264.0, 3211264.0, 200704.0, 614656.0, 3211264.0, 3211264.0, 3211264.0, 200704.0, 614656.0, 3211264.0, 3211264.0, 3211264.0, 200704.0, 614656.0, 3211264.0, 3211264.0, 3211264.0, 200704.0, 614656.0, 3211264.0, 3211264.0, 3211264.0, 200704.0, 614656.0, 3211264.0, 3211264.0, 3211264.0, 200704.0, 614656.0, 3211264.0, 3211264.0, 3211264.0, 200704.0, 614656.0, 3211264.0, 3211264.0, 3211264.0, 200704.0, 614656.0, 3211264.0, 3211264.0, 3211264.0, 200704.0, 614656.0, 3211264.0, 3211264.0, 3211264.0, 200704.0, 614656.0, 3211264.0, 3211264.0, 3211264.0, 200704.0, 614656.0, 3211264.0, 3211264.0, 3211264.0, 200704.0, 614656.0, 3211264.0, 3211264.0, 3211264.0, 200704.0, 614656.0, 3211264.0, 3211264.0, 3211264.0, 200704.0, 614656.0, 3211264.0, 3211264.0, 102301696.0]
Filter_DRAM=[1048576.0, 1048576.0, 1048576.0, 200704.0, 200704.0, 1048576.0, 1048576.0, 1048576.0, 200704.0, 200704.0, 1048576.0, 1048576.0, 1048576.0, 200704.0, 200704.0, 1048576.0, 1048576.0, 1048576.0, 200704.0, 200704.0, 1048576.0, 1048576.0, 1048576.0, 200704.0, 200704.0, 1048576.0, 1048576.0, 1048576.0, 200704.0, 200704.0, 1048576.0, 1048576.0, 1048576.0, 200704.0, 200704.0, 1048576.0, 1048576.0, 1048576.0, 200704.0, 200704.0, 1048576.0, 1048576.0, 1048576.0, 200704.0, 200704.0, 1048576.0, 1048576.0, 1048576.0, 200704.0, 200704.0, 1048576.0, 1048576.0, 1048576.0, 200704.0, 200704.0, 1048576.0, 1048576.0, 1048576.0, 200704.0, 200704.0, 1048576.0, 1048576.0, 1048576.0, 200704.0, 200704.0, 1048576.0, 1048576.0, 1048576.0, 200704.0, 200704.0, 1048576.0, 1048576.0, 1048576.0, 200704.0, 200704.0, 1048576.0, 1048576.0, 1048576.0, 200704.0, 200704.0, 16777216.0, 67108864.0, 67108864.0]
OFMAP_DRAM=[12544, 12544, 12544, 38416, 12544, 12544, 12544, 12544, 38416, 12544, 12544, 12544, 12544, 38416, 12544, 12544, 12544, 12544, 38416, 12544, 12544, 12544, 12544, 38416, 12544, 12544, 12544, 12544, 38416, 12544, 12544, 12544, 12544, 38416, 12544, 12544, 12544, 12544, 38416, 12544, 12544, 12544, 12544, 38416, 12544, 12544, 12544, 12544, 38416, 12544, 12544, 12544, 12544, 38416, 12544, 12544, 12544, 12544, 38416, 12544, 12544, 12544, 12544, 38416, 12544, 12544, 12544, 12544, 38416, 12544, 12544, 12544, 12544, 38416, 12544, 12544, 12544, 12544, 38416, 12544, 200704, 802816, 200704]
IFMAP_SRAM=[3211264.0, 3211264.0, 3211264.0, 388864.0, 614656.0, 3211264.0, 3211264.0, 3211264.0, 388864.0, 614656.0, 3211264.0, 3211264.0, 3211264.0, 388864.0, 614656.0, 3211264.0, 3211264.0, 3211264.0, 388864.0, 614656.0, 3211264.0, 3211264.0, 3211264.0, 388864.0, 614656.0, 3211264.0, 3211264.0, 3211264.0, 388864.0, 614656.0, 3211264.0, 3211264.0, 3211264.0, 388864.0, 614656.0, 3211264.0, 3211264.0, 3211264.0, 388864.0, 614656.0, 3211264.0, 3211264.0, 3211264.0, 388864.0, 614656.0, 3211264.0, 3211264.0, 3211264.0, 388864.0, 614656.0, 3211264.0, 3211264.0, 3211264.0, 388864.0, 614656.0, 3211264.0, 3211264.0, 3211264.0, 388864.0, 614656.0, 3211264.0, 3211264.0, 3211264.0, 388864.0, 614656.0, 3211264.0, 3211264.0, 3211264.0, 388864.0, 614656.0, 3211264.0, 3211264.0, 3211264.0, 388864.0, 614656.0, 3211264.0, 3211264.0, 3211264.0, 388864.0, 614656.0, 25690112.0, 102760448.0, 102760448.0]
Filter_SRAM=[1048576.0, 1048576.0, 1048576.0, 200704.0, 200704.0, 1048576.0, 1048576.0, 1048576.0, 200704.0, 200704.0, 1048576.0, 1048576.0, 1048576.0, 200704.0, 200704.0, 1048576.0, 1048576.0, 1048576.0, 200704.0, 200704.0, 1048576.0, 1048576.0, 1048576.0, 200704.0, 200704.0, 1048576.0, 1048576.0, 1048576.0, 200704.0, 200704.0, 1048576.0, 1048576.0, 1048576.0, 200704.0, 200704.0, 1048576.0, 1048576.0, 1048576.0, 200704.0, 200704.0, 1048576.0, 1048576.0, 1048576.0, 200704.0, 200704.0, 1048576.0, 1048576.0, 1048576.0, 200704.0, 200704.0, 1048576.0, 1048576.0, 1048576.0, 200704.0, 200704.0, 1048576.0, 1048576.0, 1048576.0, 200704.0, 200704.0, 1048576.0, 1048576.0, 1048576.0, 200704.0, 200704.0, 1048576.0, 1048576.0, 1048576.0, 200704.0, 200704.0, 1048576.0, 1048576.0, 1048576.0, 200704.0, 200704.0, 1048576.0, 1048576.0, 1048576.0, 200704.0, 200704.0, 16777216.0, 67108864.0, 67108864.0]
OFMAP_SRAM=[1605632.0, 1605632.0, 1605632.0, 307328.0, 313600.0, 1605632.0, 1605632.0, 1605632.0, 307328.0, 313600.0, 1605632.0, 1605632.0, 1605632.0, 307328.0, 313600.0, 1605632.0, 1605632.0, 1605632.0, 307328.0, 313600.0, 1605632.0, 1605632.0, 1605632.0, 307328.0, 313600.0, 1605632.0, 1605632.0, 1605632.0, 307328.0, 313600.0, 1605632.0, 1605632.0, 1605632.0, 307328.0, 313600.0, 1605632.0, 1605632.0, 1605632.0, 307328.0, 313600.0, 1605632.0, 1605632.0, 1605632.0, 307328.0, 313600.0, 1605632.0, 1605632.0, 1605632.0, 307328.0, 313600.0, 1605632.0, 1605632.0, 1605632.0, 307328.0, 313600.0, 1605632.0, 1605632.0, 1605632.0, 307328.0, 313600.0, 1605632.0, 1605632.0, 1605632.0, 307328.0, 313600.0, 1605632.0, 1605632.0, 1605632.0, 307328.0, 313600.0, 1605632.0, 1605632.0, 1605632.0, 307328.0, 313600.0, 1605632.0, 1605632.0, 1605632.0, 307328.0, 313600.0, 25690112.0, 102760448.0, 102760448.0]

RT=[432432.0]
DRAMS=[486281472.0]
SRAMS=[927373312.0]
Batch Size:1

Elapsed Time=1:11:59.082091
