
***2x2 REPORT
*Runtime= 1503198.0
*DRAM reads= 38656062.0, 112494974.0, 19848040.0
*total DRAM reads= 170999076.0
*SRAM reads= 157161494.0, 112494974.0, 149081342.0
*total SRAM reads= 418737810.0
*Weighted Util:60.57
*Weighted Pod Util:98.92
*Weighted PE ratio:70.57
*Per-layer info:
Runtimes=[18528.0, 1694.0, 14256.0, 3388.0, 6776.0, 14256.0, 3388.0, 6776.0, 14256.0, 3388.0, 2188.0, 8352.0, 4144.0, 4144.0, 8352.0, 4144.0, 4144.0, 8352.0, 4144.0, 4144.0, 8352.0, 4144.0, 4144.0, 8352.0, 4144.0, 4144.0, 8352.0, 4144.0, 4144.0, 8352.0, 4144.0, 4144.0, 8352.0, 4144.0, 3824.0, 14256.0, 7168.0, 7168.0, 14256.0, 7168.0, 7168.0, 14256.0, 7168.0, 7168.0, 14256.0, 7168.0, 7168.0, 14256.0, 7168.0, 7168.0, 14256.0, 7168.0, 7168.0, 14256.0, 7168.0, 7168.0, 14256.0, 7168.0, 7168.0, 14256.0, 7168.0, 7168.0, 14256.0, 7168.0, 7168.0, 14256.0, 7168.0, 7168.0, 14256.0, 7168.0, 7168.0, 14256.0, 7168.0, 7168.0, 14256.0, 7168.0, 7168.0, 14256.0, 7168.0, 7168.0, 14256.0, 7168.0, 7168.0, 14256.0, 7168.0, 7168.0, 14256.0, 7168.0, 7168.0, 14256.0, 7168.0, 7168.0, 14256.0, 7168.0, 7168.0, 14256.0, 7168.0, 7168.0, 14256.0, 7168.0, 7168.0, 14256.0, 7168.0, 7168.0, 14256.0, 7168.0, 7168.0, 14256.0, 7168.0, 7168.0, 14256.0, 7168.0, 7168.0, 14256.0, 7168.0, 7168.0, 14256.0, 7168.0, 7168.0, 14256.0, 7168.0, 7168.0, 14256.0, 7168.0, 7168.0, 14256.0, 7168.0, 7168.0, 14256.0, 7168.0, 7168.0, 14256.0, 7168.0, 7168.0, 14256.0, 7168.0, 7168.0, 14256.0, 7168.0, 7168.0, 14256.0, 7168.0, 10112.0, 40032.0, 19328.0, 19328.0, 40032.0, 19328.0, 19328.0, 40032.0, 19328.0, 32512.0]
IFMAP_DRAM=[307776.0, 401408.0, 415744.0, 401408.0, 1605632.0, 415744.0, 401408.0, 1605632.0, 415744.0, 401408.0, 430592.0, 215040.0, 200704.0, 802816.0, 215040.0, 200704.0, 802816.0, 215040.0, 200704.0, 802816.0, 215040.0, 200704.0, 802816.0, 215040.0, 200704.0, 802816.0, 215040.0, 200704.0, 802816.0, 215040.0, 200704.0, 802816.0, 215040.0, 200704.0, 230400.0, 114688.0, 100352.0, 401408.0, 114688.0, 100352.0, 401408.0, 114688.0, 100352.0, 401408.0, 114688.0, 100352.0, 401408.0, 114688.0, 100352.0, 401408.0, 114688.0, 100352.0, 401408.0, 114688.0, 100352.0, 401408.0, 114688.0, 100352.0, 401408.0, 114688.0, 100352.0, 401408.0, 114688.0, 100352.0, 401408.0, 114688.0, 100352.0, 401408.0, 114688.0, 100352.0, 401408.0, 114688.0, 100352.0, 401408.0, 114688.0, 100352.0, 401408.0, 114688.0, 100352.0, 401408.0, 114688.0, 100352.0, 401408.0, 114688.0, 100352.0, 401408.0, 114688.0, 100352.0, 401408.0, 114688.0, 100352.0, 401408.0, 114688.0, 100352.0, 401408.0, 114688.0, 100352.0, 401408.0, 114688.0, 100352.0, 401408.0, 114688.0, 100352.0, 401408.0, 114688.0, 100352.0, 401408.0, 114688.0, 100352.0, 401408.0, 114688.0, 100352.0, 401408.0, 114688.0, 100352.0, 401408.0, 114688.0, 100352.0, 401408.0, 114688.0, 100352.0, 401408.0, 114688.0, 100352.0, 401408.0, 114688.0, 100352.0, 401408.0, 114688.0, 100352.0, 401408.0, 114688.0, 100352.0, 401408.0, 114688.0, 100352.0, 401408.0, 114688.0, 100352.0, 401408.0, 114688.0, 100352.0, 131072.0, 66560.0, 50176.0, 200704.0, 66560.0, 50176.0, 200704.0, 66560.0, 50176.0, 4094.0]
Filter_DRAM=[18816.0, 8192.0, 73728.0, 32768.0, 32768.0, 73728.0, 32768.0, 32768.0, 73728.0, 32768.0, 65536.0, 294912.0, 131072.0, 131072.0, 294912.0, 131072.0, 131072.0, 294912.0, 131072.0, 131072.0, 294912.0, 131072.0, 131072.0, 294912.0, 131072.0, 131072.0, 294912.0, 131072.0, 131072.0, 294912.0, 131072.0, 131072.0, 294912.0, 131072.0, 262144.0, 1179648.0, 524288.0, 524288.0, 1179648.0, 524288.0, 524288.0, 1179648.0, 524288.0, 524288.0, 1179648.0, 524288.0, 524288.0, 1179648.0, 524288.0, 524288.0, 1179648.0, 524288.0, 524288.0, 1179648.0, 524288.0, 524288.0, 1179648.0, 524288.0, 524288.0, 1179648.0, 524288.0, 524288.0, 1179648.0, 524288.0, 524288.0, 1179648.0, 524288.0, 524288.0, 1179648.0, 524288.0, 524288.0, 1179648.0, 524288.0, 524288.0, 1179648.0, 524288.0, 524288.0, 1179648.0, 524288.0, 524288.0, 1179648.0, 524288.0, 524288.0, 1179648.0, 524288.0, 524288.0, 1179648.0, 524288.0, 524288.0, 1179648.0, 524288.0, 524288.0, 1179648.0, 524288.0, 524288.0, 1179648.0, 524288.0, 524288.0, 1179648.0, 524288.0, 524288.0, 1179648.0, 524288.0, 524288.0, 1179648.0, 524288.0, 524288.0, 1179648.0, 524288.0, 524288.0, 1179648.0, 524288.0, 524288.0, 1179648.0, 524288.0, 524288.0, 1179648.0, 524288.0, 524288.0, 1179648.0, 524288.0, 524288.0, 1179648.0, 524288.0, 524288.0, 1179648.0, 524288.0, 524288.0, 1179648.0, 524288.0, 524288.0, 1179648.0, 524288.0, 524288.0, 1179648.0, 524288.0, 524288.0, 1179648.0, 524288.0, 524288.0, 1179648.0, 524288.0, 1048576.0, 4718592.0, 2097152.0, 2097152.0, 4718592.0, 2097152.0, 2097152.0, 4718592.0, 2097152.0, 2047998.0]
OFMAP_DRAM=[774400.0, 200704.0, 186624.0, 802816.0, 200704.0, 186624.0, 802816.0, 200704.0, 186624.0, 802816.0, 107648.0, 86528.0, 401408.0, 100352.0, 86528.0, 401408.0, 100352.0, 86528.0, 401408.0, 100352.0, 86528.0, 401408.0, 100352.0, 86528.0, 401408.0, 100352.0, 86528.0, 401408.0, 100352.0, 86528.0, 401408.0, 100352.0, 86528.0, 401408.0, 57600.0, 36864.0, 200704.0, 50176.0, 36864.0, 200704.0, 50176.0, 36864.0, 200704.0, 50176.0, 36864.0, 200704.0, 50176.0, 36864.0, 200704.0, 50176.0, 36864.0, 200704.0, 50176.0, 36864.0, 200704.0, 50176.0, 36864.0, 200704.0, 50176.0, 36864.0, 200704.0, 50176.0, 36864.0, 200704.0, 50176.0, 36864.0, 200704.0, 50176.0, 36864.0, 200704.0, 50176.0, 36864.0, 200704.0, 50176.0, 36864.0, 200704.0, 50176.0, 36864.0, 200704.0, 50176.0, 36864.0, 200704.0, 50176.0, 36864.0, 200704.0, 50176.0, 36864.0, 200704.0, 50176.0, 36864.0, 200704.0, 50176.0, 36864.0, 200704.0, 50176.0, 36864.0, 200704.0, 50176.0, 36864.0, 200704.0, 50176.0, 36864.0, 200704.0, 50176.0, 36864.0, 200704.0, 50176.0, 36864.0, 200704.0, 50176.0, 36864.0, 200704.0, 50176.0, 36864.0, 200704.0, 50176.0, 36864.0, 200704.0, 50176.0, 36864.0, 200704.0, 50176.0, 36864.0, 200704.0, 50176.0, 36864.0, 200704.0, 50176.0, 36864.0, 200704.0, 50176.0, 36864.0, 200704.0, 50176.0, 36864.0, 200704.0, 50176.0, 36864.0, 200704.0, 50176.0, 36864.0, 200704.0, 32768.0, 12800.0, 100352.0, 25088.0, 12800.0, 100352.0, 25088.0, 12800.0, 100352.0, 1000.0]
IFMAP_SRAM=[3557400.0, 401408.0, 3359232.0, 802816.0, 1605632.0, 3359232.0, 802816.0, 1605632.0, 3359232.0, 802816.0, 430592.0, 1557504.0, 802816.0, 802816.0, 1557504.0, 802816.0, 802816.0, 1557504.0, 802816.0, 802816.0, 1557504.0, 802816.0, 802816.0, 1557504.0, 802816.0, 802816.0, 1557504.0, 802816.0, 802816.0, 1557504.0, 802816.0, 802816.0, 1557504.0, 802816.0, 460800.0, 1327104.0, 802816.0, 802816.0, 1327104.0, 802816.0, 802816.0, 1327104.0, 802816.0, 802816.0, 1327104.0, 802816.0, 802816.0, 1327104.0, 802816.0, 802816.0, 1327104.0, 802816.0, 802816.0, 1327104.0, 802816.0, 802816.0, 1327104.0, 802816.0, 802816.0, 1327104.0, 802816.0, 802816.0, 1327104.0, 802816.0, 802816.0, 1327104.0, 802816.0, 802816.0, 1327104.0, 802816.0, 802816.0, 1327104.0, 802816.0, 802816.0, 1327104.0, 802816.0, 802816.0, 1327104.0, 802816.0, 802816.0, 1327104.0, 802816.0, 802816.0, 1327104.0, 802816.0, 802816.0, 1327104.0, 802816.0, 802816.0, 1327104.0, 802816.0, 802816.0, 1327104.0, 802816.0, 802816.0, 1327104.0, 802816.0, 802816.0, 1327104.0, 802816.0, 802816.0, 1327104.0, 802816.0, 802816.0, 1327104.0, 802816.0, 802816.0, 1327104.0, 802816.0, 802816.0, 1327104.0, 802816.0, 802816.0, 1327104.0, 802816.0, 802816.0, 1327104.0, 802816.0, 802816.0, 1327104.0, 802816.0, 802816.0, 1327104.0, 802816.0, 802816.0, 1327104.0, 802816.0, 802816.0, 1327104.0, 802816.0, 802816.0, 1327104.0, 802816.0, 802816.0, 1327104.0, 802816.0, 802816.0, 1327104.0, 802816.0, 802816.0, 1327104.0, 802816.0, 524288.0, 921600.0, 802816.0, 802816.0, 921600.0, 802816.0, 802816.0, 921600.0, 802816.0, 32766.0]
Filter_SRAM=[18816.0, 8192.0, 73728.0, 32768.0, 32768.0, 73728.0, 32768.0, 32768.0, 73728.0, 32768.0, 65536.0, 294912.0, 131072.0, 131072.0, 294912.0, 131072.0, 131072.0, 294912.0, 131072.0, 131072.0, 294912.0, 131072.0, 131072.0, 294912.0, 131072.0, 131072.0, 294912.0, 131072.0, 131072.0, 294912.0, 131072.0, 131072.0, 294912.0, 131072.0, 262144.0, 1179648.0, 524288.0, 524288.0, 1179648.0, 524288.0, 524288.0, 1179648.0, 524288.0, 524288.0, 1179648.0, 524288.0, 524288.0, 1179648.0, 524288.0, 524288.0, 1179648.0, 524288.0, 524288.0, 1179648.0, 524288.0, 524288.0, 1179648.0, 524288.0, 524288.0, 1179648.0, 524288.0, 524288.0, 1179648.0, 524288.0, 524288.0, 1179648.0, 524288.0, 524288.0, 1179648.0, 524288.0, 524288.0, 1179648.0, 524288.0, 524288.0, 1179648.0, 524288.0, 524288.0, 1179648.0, 524288.0, 524288.0, 1179648.0, 524288.0, 524288.0, 1179648.0, 524288.0, 524288.0, 1179648.0, 524288.0, 524288.0, 1179648.0, 524288.0, 524288.0, 1179648.0, 524288.0, 524288.0, 1179648.0, 524288.0, 524288.0, 1179648.0, 524288.0, 524288.0, 1179648.0, 524288.0, 524288.0, 1179648.0, 524288.0, 524288.0, 1179648.0, 524288.0, 524288.0, 1179648.0, 524288.0, 524288.0, 1179648.0, 524288.0, 524288.0, 1179648.0, 524288.0, 524288.0, 1179648.0, 524288.0, 524288.0, 1179648.0, 524288.0, 524288.0, 1179648.0, 524288.0, 524288.0, 1179648.0, 524288.0, 524288.0, 1179648.0, 524288.0, 524288.0, 1179648.0, 524288.0, 524288.0, 1179648.0, 524288.0, 524288.0, 1179648.0, 524288.0, 1048576.0, 4718592.0, 2097152.0, 2097152.0, 4718592.0, 2097152.0, 2097152.0, 4718592.0, 2097152.0, 2047998.0]
OFMAP_SRAM=[2323200.0, 200704.0, 1679616.0, 802816.0, 802816.0, 1679616.0, 802816.0, 802816.0, 1679616.0, 802816.0, 430592.0, 1557504.0, 802816.0, 802816.0, 1557504.0, 802816.0, 802816.0, 1557504.0, 802816.0, 802816.0, 1557504.0, 802816.0, 802816.0, 1557504.0, 802816.0, 802816.0, 1557504.0, 802816.0, 802816.0, 1557504.0, 802816.0, 802816.0, 1557504.0, 802816.0, 460800.0, 1327104.0, 802816.0, 802816.0, 1327104.0, 802816.0, 802816.0, 1327104.0, 802816.0, 802816.0, 1327104.0, 802816.0, 802816.0, 1327104.0, 802816.0, 802816.0, 1327104.0, 802816.0, 802816.0, 1327104.0, 802816.0, 802816.0, 1327104.0, 802816.0, 802816.0, 1327104.0, 802816.0, 802816.0, 1327104.0, 802816.0, 802816.0, 1327104.0, 802816.0, 802816.0, 1327104.0, 802816.0, 802816.0, 1327104.0, 802816.0, 802816.0, 1327104.0, 802816.0, 802816.0, 1327104.0, 802816.0, 802816.0, 1327104.0, 802816.0, 802816.0, 1327104.0, 802816.0, 802816.0, 1327104.0, 802816.0, 802816.0, 1327104.0, 802816.0, 802816.0, 1327104.0, 802816.0, 802816.0, 1327104.0, 802816.0, 802816.0, 1327104.0, 802816.0, 802816.0, 1327104.0, 802816.0, 802816.0, 1327104.0, 802816.0, 802816.0, 1327104.0, 802816.0, 802816.0, 1327104.0, 802816.0, 802816.0, 1327104.0, 802816.0, 802816.0, 1327104.0, 802816.0, 802816.0, 1327104.0, 802816.0, 802816.0, 1327104.0, 802816.0, 802816.0, 1327104.0, 802816.0, 802816.0, 1327104.0, 802816.0, 802816.0, 1327104.0, 802816.0, 802816.0, 1327104.0, 802816.0, 802816.0, 1327104.0, 802816.0, 802816.0, 1327104.0, 802816.0, 524288.0, 921600.0, 802816.0, 802816.0, 921600.0, 802816.0, 802816.0, 921600.0, 802816.0, 31998.0]

RT=[1503198.0]
DRAMS=[170999076.0]
SRAMS=[418737810.0]
Batch Size:1

Elapsed Time=0:11:27.628885
