
***16x16 REPORT
*Runtime= 1424769.0
*DRAM reads= 382615456.0, 848529792.0, 19848040.0
*total DRAM reads= 1250993288.0
*SRAM reads= 1257289280.0, 848529792.0, 1188778112.0
*total SRAM reads= 3294597184.0
*Weighted Util:61.11
*Weighted Pod Util:95.29
*Weighted PE ratio:71.91
*Per-layer info:
Runtimes=[14649.0, 1680.0, 14184.0, 3360.0, 6720.0, 14184.0, 3360.0, 6720.0, 14184.0, 3360.0, 2144.0, 8208.0, 4032.0, 4032.0, 8208.0, 4032.0, 4032.0, 8208.0, 4032.0, 4032.0, 8208.0, 4032.0, 4032.0, 8208.0, 4032.0, 4032.0, 8208.0, 4032.0, 4032.0, 8208.0, 4032.0, 4032.0, 8208.0, 4032.0, 3712.0, 13248.0, 6912.0, 6912.0, 13248.0, 6912.0, 6912.0, 13248.0, 6912.0, 6912.0, 13248.0, 6912.0, 6912.0, 13248.0, 6912.0, 6912.0, 13248.0, 6912.0, 6912.0, 13248.0, 6912.0, 6912.0, 13248.0, 6912.0, 6912.0, 13248.0, 6912.0, 6912.0, 13248.0, 6912.0, 6912.0, 13248.0, 6912.0, 6912.0, 13248.0, 6912.0, 6912.0, 13248.0, 6912.0, 6912.0, 13248.0, 6912.0, 6912.0, 13248.0, 6912.0, 6912.0, 13248.0, 6912.0, 6912.0, 13248.0, 6912.0, 6912.0, 13248.0, 6912.0, 6912.0, 13248.0, 6912.0, 6912.0, 13248.0, 6912.0, 6912.0, 13248.0, 6912.0, 6912.0, 13248.0, 6912.0, 6912.0, 13248.0, 6912.0, 6912.0, 13248.0, 6912.0, 6912.0, 13248.0, 6912.0, 6912.0, 13248.0, 6912.0, 6912.0, 13248.0, 6912.0, 6912.0, 13248.0, 6912.0, 6912.0, 13248.0, 6912.0, 6912.0, 13248.0, 6912.0, 6912.0, 13248.0, 6912.0, 6912.0, 13248.0, 6912.0, 6912.0, 13248.0, 6912.0, 6912.0, 13248.0, 6912.0, 6912.0, 13248.0, 6912.0, 6912.0, 13248.0, 6912.0, 9216.0, 36864.0, 18432.0, 18432.0, 36864.0, 18432.0, 18432.0, 36864.0, 18432.0, 30720.0]
IFMAP_DRAM=[3222048.0, 3211264.0, 4962304.0, 3211264.0, 12845056.0, 4962304.0, 3211264.0, 12845056.0, 4962304.0, 3211264.0, 3444736.0, 3387392.0, 1605632.0, 6422528.0, 3387392.0, 1605632.0, 6422528.0, 3387392.0, 1605632.0, 6422528.0, 3387392.0, 1605632.0, 6422528.0, 3387392.0, 1605632.0, 6422528.0, 3387392.0, 1605632.0, 6422528.0, 3387392.0, 1605632.0, 6422528.0, 3387392.0, 1605632.0, 1843184.0, 2359296.0, 802816.0, 3211264.0, 2359296.0, 802816.0, 3211264.0, 2359296.0, 802816.0, 3211264.0, 2359296.0, 802816.0, 3211264.0, 2359296.0, 802816.0, 3211264.0, 2359296.0, 802816.0, 3211264.0, 2359296.0, 802816.0, 3211264.0, 2359296.0, 802816.0, 3211264.0, 2359296.0, 802816.0, 3211264.0, 2359296.0, 802816.0, 3211264.0, 2359296.0, 802816.0, 3211264.0, 2359296.0, 802816.0, 3211264.0, 2359296.0, 802816.0, 3211264.0, 2359296.0, 802816.0, 3211264.0, 2359296.0, 802816.0, 3211264.0, 2359296.0, 802816.0, 3211264.0, 2359296.0, 802816.0, 3211264.0, 2359296.0, 802816.0, 3211264.0, 2359296.0, 802816.0, 3211264.0, 2359296.0, 802816.0, 3211264.0, 2359296.0, 802816.0, 3211264.0, 2359296.0, 802816.0, 3211264.0, 2359296.0, 802816.0, 3211264.0, 2359296.0, 802816.0, 3211264.0, 2359296.0, 802816.0, 3211264.0, 2359296.0, 802816.0, 3211264.0, 2359296.0, 802816.0, 3211264.0, 2359296.0, 802816.0, 3211264.0, 2359296.0, 802816.0, 3211264.0, 2359296.0, 802816.0, 3211264.0, 2359296.0, 802816.0, 3211264.0, 2359296.0, 802816.0, 3211264.0, 2359296.0, 802816.0, 3211264.0, 2359296.0, 802816.0, 3211264.0, 2359296.0, 802816.0, 3211264.0, 2359296.0, 802816.0, 1048576.0, 1351632.0, 401360.0, 1605584.0, 1351632.0, 401360.0, 1605584.0, 1351632.0, 401360.0, 32528.0]
Filter_DRAM=[150528.0, 65536.0, 589824.0, 262144.0, 262144.0, 589824.0, 262144.0, 262144.0, 589824.0, 262144.0, 524288.0, 2359296.0, 1048576.0, 1048576.0, 2359296.0, 1048576.0, 1048576.0, 2359296.0, 1048576.0, 1048576.0, 2359296.0, 1048576.0, 1048576.0, 2359296.0, 1048576.0, 1048576.0, 2359296.0, 1048576.0, 1048576.0, 2359296.0, 1048576.0, 1048576.0, 2359296.0, 1048576.0, 1966064.0, 9437184.0, 4194304.0, 4194304.0, 9437184.0, 4194304.0, 4194304.0, 9437184.0, 4194304.0, 4194304.0, 9437184.0, 4194304.0, 4194304.0, 9437184.0, 4194304.0, 4194304.0, 9437184.0, 4194304.0, 4194304.0, 9437184.0, 4194304.0, 4194304.0, 9437184.0, 4194304.0, 4194304.0, 9437184.0, 4194304.0, 4194304.0, 9437184.0, 4194304.0, 4194304.0, 9437184.0, 4194304.0, 4194304.0, 9437184.0, 4194304.0, 4194304.0, 9437184.0, 4194304.0, 4194304.0, 9437184.0, 4194304.0, 4194304.0, 9437184.0, 4194304.0, 4194304.0, 9437184.0, 4194304.0, 4194304.0, 9437184.0, 4194304.0, 4194304.0, 9437184.0, 4194304.0, 4194304.0, 9437184.0, 4194304.0, 4194304.0, 9437184.0, 4194304.0, 4194304.0, 9437184.0, 4194304.0, 4194304.0, 9437184.0, 4194304.0, 4194304.0, 9437184.0, 4194304.0, 4194304.0, 9437184.0, 4194304.0, 4194304.0, 9437184.0, 4194304.0, 4194304.0, 9437184.0, 4194304.0, 4194304.0, 9437184.0, 4194304.0, 4194304.0, 9437184.0, 4194304.0, 4194304.0, 9437184.0, 4194304.0, 4194304.0, 9437184.0, 4194304.0, 4194304.0, 9437184.0, 4194304.0, 4194304.0, 9437184.0, 4194304.0, 4194304.0, 9437184.0, 4194304.0, 4194304.0, 9437184.0, 4194304.0, 4194304.0, 9437184.0, 4194304.0, 4194304.0, 9437184.0, 4194304.0, 8388608.0, 30670800.0, 13631440.0, 13631440.0, 30670800.0, 13631440.0, 13631440.0, 30670800.0, 13631440.0, 2047760.0]
OFMAP_DRAM=[774400.0, 200704.0, 186624.0, 802816.0, 200704.0, 186624.0, 802816.0, 200704.0, 186624.0, 802816.0, 107648.0, 86528.0, 401408.0, 100352.0, 86528.0, 401408.0, 100352.0, 86528.0, 401408.0, 100352.0, 86528.0, 401408.0, 100352.0, 86528.0, 401408.0, 100352.0, 86528.0, 401408.0, 100352.0, 86528.0, 401408.0, 100352.0, 86528.0, 401408.0, 57600.0, 36864.0, 200704.0, 50176.0, 36864.0, 200704.0, 50176.0, 36864.0, 200704.0, 50176.0, 36864.0, 200704.0, 50176.0, 36864.0, 200704.0, 50176.0, 36864.0, 200704.0, 50176.0, 36864.0, 200704.0, 50176.0, 36864.0, 200704.0, 50176.0, 36864.0, 200704.0, 50176.0, 36864.0, 200704.0, 50176.0, 36864.0, 200704.0, 50176.0, 36864.0, 200704.0, 50176.0, 36864.0, 200704.0, 50176.0, 36864.0, 200704.0, 50176.0, 36864.0, 200704.0, 50176.0, 36864.0, 200704.0, 50176.0, 36864.0, 200704.0, 50176.0, 36864.0, 200704.0, 50176.0, 36864.0, 200704.0, 50176.0, 36864.0, 200704.0, 50176.0, 36864.0, 200704.0, 50176.0, 36864.0, 200704.0, 50176.0, 36864.0, 200704.0, 50176.0, 36864.0, 200704.0, 50176.0, 36864.0, 200704.0, 50176.0, 36864.0, 200704.0, 50176.0, 36864.0, 200704.0, 50176.0, 36864.0, 200704.0, 50176.0, 36864.0, 200704.0, 50176.0, 36864.0, 200704.0, 50176.0, 36864.0, 200704.0, 50176.0, 36864.0, 200704.0, 50176.0, 36864.0, 200704.0, 50176.0, 36864.0, 200704.0, 50176.0, 36864.0, 200704.0, 50176.0, 36864.0, 200704.0, 32768.0, 12800.0, 100352.0, 25088.0, 12800.0, 100352.0, 25088.0, 12800.0, 100352.0, 1000.0]
IFMAP_SRAM=[28459200.0, 3211264.0, 26873856.0, 6422528.0, 12845056.0, 26873856.0, 6422528.0, 12845056.0, 26873856.0, 6422528.0, 3444736.0, 12460032.0, 6422528.0, 6422528.0, 12460032.0, 6422528.0, 6422528.0, 12460032.0, 6422528.0, 6422528.0, 12460032.0, 6422528.0, 6422528.0, 12460032.0, 6422528.0, 6422528.0, 12460032.0, 6422528.0, 6422528.0, 12460032.0, 6422528.0, 6422528.0, 12460032.0, 6422528.0, 3686384.0, 10616832.0, 6422528.0, 6422528.0, 10616832.0, 6422528.0, 6422528.0, 10616832.0, 6422528.0, 6422528.0, 10616832.0, 6422528.0, 6422528.0, 10616832.0, 6422528.0, 6422528.0, 10616832.0, 6422528.0, 6422528.0, 10616832.0, 6422528.0, 6422528.0, 10616832.0, 6422528.0, 6422528.0, 10616832.0, 6422528.0, 6422528.0, 10616832.0, 6422528.0, 6422528.0, 10616832.0, 6422528.0, 6422528.0, 10616832.0, 6422528.0, 6422528.0, 10616832.0, 6422528.0, 6422528.0, 10616832.0, 6422528.0, 6422528.0, 10616832.0, 6422528.0, 6422528.0, 10616832.0, 6422528.0, 6422528.0, 10616832.0, 6422528.0, 6422528.0, 10616832.0, 6422528.0, 6422528.0, 10616832.0, 6422528.0, 6422528.0, 10616832.0, 6422528.0, 6422528.0, 10616832.0, 6422528.0, 6422528.0, 10616832.0, 6422528.0, 6422528.0, 10616832.0, 6422528.0, 6422528.0, 10616832.0, 6422528.0, 6422528.0, 10616832.0, 6422528.0, 6422528.0, 10616832.0, 6422528.0, 6422528.0, 10616832.0, 6422528.0, 6422528.0, 10616832.0, 6422528.0, 6422528.0, 10616832.0, 6422528.0, 6422528.0, 10616832.0, 6422528.0, 6422528.0, 10616832.0, 6422528.0, 6422528.0, 10616832.0, 6422528.0, 6422528.0, 10616832.0, 6422528.0, 6422528.0, 10616832.0, 6422528.0, 6422528.0, 10616832.0, 6422528.0, 6422528.0, 10616832.0, 6422528.0, 4194304.0, 7372752.0, 6422480.0, 6422480.0, 7372752.0, 6422480.0, 6422480.0, 7372752.0, 6422480.0, 259856.0]
Filter_SRAM=[150528.0, 65536.0, 589824.0, 262144.0, 262144.0, 589824.0, 262144.0, 262144.0, 589824.0, 262144.0, 524288.0, 2359296.0, 1048576.0, 1048576.0, 2359296.0, 1048576.0, 1048576.0, 2359296.0, 1048576.0, 1048576.0, 2359296.0, 1048576.0, 1048576.0, 2359296.0, 1048576.0, 1048576.0, 2359296.0, 1048576.0, 1048576.0, 2359296.0, 1048576.0, 1048576.0, 2359296.0, 1048576.0, 1966064.0, 9437184.0, 4194304.0, 4194304.0, 9437184.0, 4194304.0, 4194304.0, 9437184.0, 4194304.0, 4194304.0, 9437184.0, 4194304.0, 4194304.0, 9437184.0, 4194304.0, 4194304.0, 9437184.0, 4194304.0, 4194304.0, 9437184.0, 4194304.0, 4194304.0, 9437184.0, 4194304.0, 4194304.0, 9437184.0, 4194304.0, 4194304.0, 9437184.0, 4194304.0, 4194304.0, 9437184.0, 4194304.0, 4194304.0, 9437184.0, 4194304.0, 4194304.0, 9437184.0, 4194304.0, 4194304.0, 9437184.0, 4194304.0, 4194304.0, 9437184.0, 4194304.0, 4194304.0, 9437184.0, 4194304.0, 4194304.0, 9437184.0, 4194304.0, 4194304.0, 9437184.0, 4194304.0, 4194304.0, 9437184.0, 4194304.0, 4194304.0, 9437184.0, 4194304.0, 4194304.0, 9437184.0, 4194304.0, 4194304.0, 9437184.0, 4194304.0, 4194304.0, 9437184.0, 4194304.0, 4194304.0, 9437184.0, 4194304.0, 4194304.0, 9437184.0, 4194304.0, 4194304.0, 9437184.0, 4194304.0, 4194304.0, 9437184.0, 4194304.0, 4194304.0, 9437184.0, 4194304.0, 4194304.0, 9437184.0, 4194304.0, 4194304.0, 9437184.0, 4194304.0, 4194304.0, 9437184.0, 4194304.0, 4194304.0, 9437184.0, 4194304.0, 4194304.0, 9437184.0, 4194304.0, 4194304.0, 9437184.0, 4194304.0, 4194304.0, 9437184.0, 4194304.0, 4194304.0, 9437184.0, 4194304.0, 8388608.0, 30670800.0, 13631440.0, 13631440.0, 30670800.0, 13631440.0, 13631440.0, 30670800.0, 13631440.0, 2047760.0]
OFMAP_SRAM=[14713600.0, 1605632.0, 13436928.0, 6422528.0, 6422528.0, 13436928.0, 6422528.0, 6422528.0, 13436928.0, 6422528.0, 3444736.0, 12460032.0, 6422528.0, 6422528.0, 12460032.0, 6422528.0, 6422528.0, 12460032.0, 6422528.0, 6422528.0, 12460032.0, 6422528.0, 6422528.0, 12460032.0, 6422528.0, 6422528.0, 12460032.0, 6422528.0, 6422528.0, 12460032.0, 6422528.0, 6422528.0, 12460032.0, 6422528.0, 3686384.0, 10616832.0, 6422528.0, 6422528.0, 10616832.0, 6422528.0, 6422528.0, 10616832.0, 6422528.0, 6422528.0, 10616832.0, 6422528.0, 6422528.0, 10616832.0, 6422528.0, 6422528.0, 10616832.0, 6422528.0, 6422528.0, 10616832.0, 6422528.0, 6422528.0, 10616832.0, 6422528.0, 6422528.0, 10616832.0, 6422528.0, 6422528.0, 10616832.0, 6422528.0, 6422528.0, 10616832.0, 6422528.0, 6422528.0, 10616832.0, 6422528.0, 6422528.0, 10616832.0, 6422528.0, 6422528.0, 10616832.0, 6422528.0, 6422528.0, 10616832.0, 6422528.0, 6422528.0, 10616832.0, 6422528.0, 6422528.0, 10616832.0, 6422528.0, 6422528.0, 10616832.0, 6422528.0, 6422528.0, 10616832.0, 6422528.0, 6422528.0, 10616832.0, 6422528.0, 6422528.0, 10616832.0, 6422528.0, 6422528.0, 10616832.0, 6422528.0, 6422528.0, 10616832.0, 6422528.0, 6422528.0, 10616832.0, 6422528.0, 6422528.0, 10616832.0, 6422528.0, 6422528.0, 10616832.0, 6422528.0, 6422528.0, 10616832.0, 6422528.0, 6422528.0, 10616832.0, 6422528.0, 6422528.0, 10616832.0, 6422528.0, 6422528.0, 10616832.0, 6422528.0, 6422528.0, 10616832.0, 6422528.0, 6422528.0, 10616832.0, 6422528.0, 6422528.0, 10616832.0, 6422528.0, 6422528.0, 10616832.0, 6422528.0, 6422528.0, 10616832.0, 6422528.0, 6422528.0, 10616832.0, 6422528.0, 4194304.0, 7372752.0, 6422480.0, 6422480.0, 7372752.0, 6422480.0, 6422480.0, 7372752.0, 6422480.0, 255760.0]

RT=[1424769.0]
DRAMS=[1250993288.0]
SRAMS=[3294597184.0]
Batch Size:1

Elapsed Time=1:40:29.339141
