
***1x1 REPORT
*Runtime= 1272018.0
*DRAM reads= 15505136.0, 41573216.0, 11643240.0
*total DRAM reads= 68721592.0
*SRAM reads= 68594412.0, 41573216.0, 65525440.0
*total SRAM reads= 175693068.0
*Weighted Util:59.17
*Weighted Pod Util:100.0
*Weighted PE ratio:74.57
*Per-layer info:
Runtimes=[64770.0, 49914.0, 16638.0, 48390.0, 21750.0, 4350.0, 20490.0, 4350.0, 20490.0, 23004.0, 2556.0, 20772.0, 2556.0, 20772.0, 2556.0, 20772.0, 2556.0, 20772.0, 2556.0, 20772.0, 2556.0, 20772.0, 2556.0, 20772.0, 2556.0, 20772.0, 36720.0, 4080.0, 32400.0, 4080.0, 32400.0, 4080.0, 32400.0, 4080.0, 32400.0, 4080.0, 32400.0, 4080.0, 32400.0, 4080.0, 32400.0, 4080.0, 32400.0, 91584.0, 10176.0, 83520.0, 10176.0, 83520.0, 10176.0, 83520.0, 10176.0, 83520.0, 16320.0]
IFMAP_DRAM=[196608.0, 4176752.0, 1048576.0, 524288.0, 1955712.0, 524288.0, 262144.0, 524288.0, 262144.0, 524288.0, 262144.0, 131072.0, 262144.0, 131072.0, 262144.0, 131072.0, 262144.0, 131072.0, 262144.0, 131072.0, 262144.0, 131072.0, 262144.0, 131072.0, 262144.0, 131072.0, 262144.0, 131072.0, 65536.0, 131072.0, 65536.0, 131072.0, 65536.0, 131072.0, 65536.0, 131072.0, 65536.0, 131072.0, 65536.0, 131072.0, 65536.0, 131072.0, 65536.0, 131072.0, 65536.0, 32768.0, 65536.0, 32768.0, 65536.0, 32768.0, 65536.0, 32768.0, 1024.0]
Filter_DRAM=[864.0, 18432.0, 2048.0, 18432.0, 73728.0, 8192.0, 73728.0, 8192.0, 73728.0, 294912.0, 32768.0, 294912.0, 32768.0, 294912.0, 32768.0, 294912.0, 32768.0, 294912.0, 32768.0, 294912.0, 32768.0, 294912.0, 32768.0, 294912.0, 32768.0, 294912.0, 1179648.0, 131072.0, 1179648.0, 131072.0, 1179648.0, 131072.0, 1179648.0, 131072.0, 1179648.0, 131072.0, 1179648.0, 131072.0, 1179648.0, 131072.0, 1179648.0, 131072.0, 1179648.0, 4718592.0, 524288.0, 4718592.0, 524288.0, 4718592.0, 524288.0, 4718592.0, 524288.0, 4718592.0, 1024000.0]
OFMAP_DRAM=[2064512.0, 1048576.0, 524288.0, 1016064.0, 524288.0, 262144.0, 492032.0, 262144.0, 492032.0, 262144.0, 131072.0, 230400.0, 131072.0, 230400.0, 131072.0, 230400.0, 131072.0, 230400.0, 131072.0, 230400.0, 131072.0, 230400.0, 131072.0, 230400.0, 131072.0, 230400.0, 131072.0, 65536.0, 100352.0, 65536.0, 100352.0, 65536.0, 100352.0, 65536.0, 100352.0, 65536.0, 100352.0, 65536.0, 100352.0, 65536.0, 100352.0, 65536.0, 100352.0, 65536.0, 32768.0, 36864.0, 32768.0, 36864.0, 32768.0, 36864.0, 32768.0, 36864.0, 1000.0]
IFMAP_SRAM=[1741932.0, 4718592.0, 1048576.0, 4572288.0, 2359296.0, 524288.0, 2214144.0, 524288.0, 2214144.0, 2359296.0, 262144.0, 2073600.0, 262144.0, 2073600.0, 262144.0, 2073600.0, 262144.0, 2073600.0, 262144.0, 2073600.0, 262144.0, 2073600.0, 262144.0, 2073600.0, 262144.0, 2073600.0, 2359296.0, 262144.0, 1806336.0, 262144.0, 1806336.0, 262144.0, 1806336.0, 262144.0, 1806336.0, 262144.0, 1806336.0, 262144.0, 1806336.0, 262144.0, 1806336.0, 262144.0, 1806336.0, 2359296.0, 262144.0, 1327104.0, 262144.0, 1327104.0, 262144.0, 1327104.0, 262144.0, 1327104.0, 8192.0]
Filter_SRAM=[864.0, 18432.0, 2048.0, 18432.0, 73728.0, 8192.0, 73728.0, 8192.0, 73728.0, 294912.0, 32768.0, 294912.0, 32768.0, 294912.0, 32768.0, 294912.0, 32768.0, 294912.0, 32768.0, 294912.0, 32768.0, 294912.0, 32768.0, 294912.0, 32768.0, 294912.0, 1179648.0, 131072.0, 1179648.0, 131072.0, 1179648.0, 131072.0, 1179648.0, 131072.0, 1179648.0, 131072.0, 1179648.0, 131072.0, 1179648.0, 131072.0, 1179648.0, 131072.0, 1179648.0, 4718592.0, 524288.0, 4718592.0, 524288.0, 4718592.0, 524288.0, 4718592.0, 524288.0, 4718592.0, 1024000.0]
OFMAP_SRAM=[2064512.0, 3145728.0, 524288.0, 3048192.0, 2621440.0, 262144.0, 2460160.0, 262144.0, 2460160.0, 2359296.0, 262144.0, 2073600.0, 262144.0, 2073600.0, 262144.0, 2073600.0, 262144.0, 2073600.0, 262144.0, 2073600.0, 262144.0, 2073600.0, 262144.0, 2073600.0, 262144.0, 2073600.0, 2359296.0, 262144.0, 1806336.0, 262144.0, 1806336.0, 262144.0, 1806336.0, 262144.0, 1806336.0, 262144.0, 1806336.0, 262144.0, 1806336.0, 262144.0, 1806336.0, 262144.0, 1806336.0, 2359296.0, 262144.0, 1327104.0, 262144.0, 1327104.0, 262144.0, 1327104.0, 262144.0, 1327104.0, 8000.0]

RT=[1272018.0]
DRAMS=[68721592.0]
SRAMS=[175693068.0]
Batch Size:1

Elapsed Time=0:12:50.008108
