
***8x8 REPORT
*Runtime= 1156656.0
*DRAM reads= 141457688.0, 325417672.0, 11643240.0
*total DRAM reads= 478518600.0
*SRAM reads= 548755240.0, 325417672.0, 491297992.0
*total SRAM reads= 1365470904.0
*Weighted Util:61.24
*Weighted Pod Util:98.8
*Weighted PE ratio:73.36
*Per-layer info:
Runtimes=[16190.0, 37404.0, 8312.0, 36270.0, 19512.0, 4336.0, 18396.0, 4336.0, 18396.0, 22752.0, 2528.0, 20592.0, 2528.0, 20592.0, 2528.0, 20592.0, 2528.0, 20592.0, 2528.0, 20592.0, 2528.0, 20592.0, 2528.0, 20592.0, 2528.0, 20592.0, 35712.0, 3968.0, 31680.0, 3968.0, 31680.0, 3968.0, 31680.0, 3968.0, 31680.0, 3968.0, 31680.0, 3968.0, 31680.0, 3968.0, 31680.0, 3968.0, 31680.0, 87552.0, 9728.0, 80640.0, 9728.0, 80640.0, 9728.0, 80640.0, 9728.0, 80640.0, 15872.0]
IFMAP_DRAM=[1659216.0, 37552384.0, 8388608.0, 4656640.0, 16613632.0, 4194304.0, 2563072.0, 4194304.0, 2563072.0, 4653056.0, 2097152.0, 1521664.0, 2097152.0, 1521664.0, 2097152.0, 1521664.0, 2097152.0, 1521664.0, 2097152.0, 1521664.0, 2097152.0, 1521664.0, 2097152.0, 1521664.0, 2097152.0, 1521664.0, 2555904.0, 1048576.0, 1011712.0, 1048576.0, 1011712.0, 1048576.0, 1011712.0, 1048576.0, 1011712.0, 1048576.0, 1011712.0, 1048576.0, 1011712.0, 1048576.0, 1011712.0, 1048576.0, 1011712.0, 1507328.0, 524288.0, 704512.0, 524288.0, 704512.0, 524288.0, 704512.0, 524288.0, 704512.0, 8136.0]
Filter_DRAM=[6912.0, 147456.0, 16384.0, 147456.0, 589824.0, 65536.0, 589824.0, 65536.0, 589824.0, 2359296.0, 262144.0, 2359296.0, 262144.0, 2359296.0, 262144.0, 2359296.0, 262144.0, 2359296.0, 262144.0, 2359296.0, 262144.0, 2359296.0, 262144.0, 2359296.0, 262144.0, 2359296.0, 9437184.0, 1048576.0, 9437184.0, 1048576.0, 9437184.0, 1048576.0, 9437184.0, 1048576.0, 9437184.0, 1048576.0, 9437184.0, 1048576.0, 9437184.0, 1048576.0, 9437184.0, 1048576.0, 9437184.0, 37748736.0, 4194304.0, 37748736.0, 4194304.0, 37748736.0, 4194304.0, 37748736.0, 4194304.0, 37748736.0, 1023944.0]
OFMAP_DRAM=[2064512.0, 1048576.0, 524288.0, 1016064.0, 524288.0, 262144.0, 492032.0, 262144.0, 492032.0, 262144.0, 131072.0, 230400.0, 131072.0, 230400.0, 131072.0, 230400.0, 131072.0, 230400.0, 131072.0, 230400.0, 131072.0, 230400.0, 131072.0, 230400.0, 131072.0, 230400.0, 131072.0, 65536.0, 100352.0, 65536.0, 100352.0, 65536.0, 100352.0, 65536.0, 100352.0, 65536.0, 100352.0, 65536.0, 100352.0, 65536.0, 100352.0, 65536.0, 100352.0, 65536.0, 32768.0, 36864.0, 32768.0, 36864.0, 32768.0, 36864.0, 32768.0, 36864.0, 1000.0]
IFMAP_SRAM=[13935456.0, 37748736.0, 8388608.0, 36578304.0, 18874368.0, 4194304.0, 17713152.0, 4194304.0, 17713152.0, 18874368.0, 2097152.0, 16588800.0, 2097152.0, 16588800.0, 2097152.0, 16588800.0, 2097152.0, 16588800.0, 2097152.0, 16588800.0, 2097152.0, 16588800.0, 2097152.0, 16588800.0, 2097152.0, 16588800.0, 18874368.0, 2097152.0, 14450688.0, 2097152.0, 14450688.0, 2097152.0, 14450688.0, 2097152.0, 14450688.0, 2097152.0, 14450688.0, 2097152.0, 14450688.0, 2097152.0, 14450688.0, 2097152.0, 14450688.0, 18874368.0, 2097152.0, 10616832.0, 2097152.0, 10616832.0, 2097152.0, 10616832.0, 2097152.0, 10616832.0, 65480.0]
Filter_SRAM=[6912.0, 147456.0, 16384.0, 147456.0, 589824.0, 65536.0, 589824.0, 65536.0, 589824.0, 2359296.0, 262144.0, 2359296.0, 262144.0, 2359296.0, 262144.0, 2359296.0, 262144.0, 2359296.0, 262144.0, 2359296.0, 262144.0, 2359296.0, 262144.0, 2359296.0, 262144.0, 2359296.0, 9437184.0, 1048576.0, 9437184.0, 1048576.0, 9437184.0, 1048576.0, 9437184.0, 1048576.0, 9437184.0, 1048576.0, 9437184.0, 1048576.0, 9437184.0, 1048576.0, 9437184.0, 1048576.0, 9437184.0, 37748736.0, 4194304.0, 37748736.0, 4194304.0, 37748736.0, 4194304.0, 37748736.0, 4194304.0, 37748736.0, 1023944.0]
OFMAP_SRAM=[4129024.0, 18874368.0, 2097152.0, 18289152.0, 18874368.0, 2097152.0, 17713152.0, 2097152.0, 17713152.0, 18874368.0, 2097152.0, 16588800.0, 2097152.0, 16588800.0, 2097152.0, 16588800.0, 2097152.0, 16588800.0, 2097152.0, 16588800.0, 2097152.0, 16588800.0, 2097152.0, 16588800.0, 2097152.0, 16588800.0, 18874368.0, 2097152.0, 14450688.0, 2097152.0, 14450688.0, 2097152.0, 14450688.0, 2097152.0, 14450688.0, 2097152.0, 14450688.0, 2097152.0, 14450688.0, 2097152.0, 14450688.0, 2097152.0, 14450688.0, 18874368.0, 2097152.0, 10616832.0, 2097152.0, 10616832.0, 2097152.0, 10616832.0, 2097152.0, 10616832.0, 63944.0]

RT=[1156656.0]
DRAMS=[478518600.0]
SRAMS=[1365470904.0]
Batch Size:1

Elapsed Time=1:07:14.656630
