
***32x32 REPORT
*Runtime= 1079321.0
*DRAM reads= 693990496.0, 996605216.0, 11643240.0
*total DRAM reads= 1702238952.0
*SRAM reads= 2195011232.0, 996605216.0, 1963123872.0
*total SRAM reads= 5154740320.0
*Weighted Util:61.74
*Weighted Pod Util:83.98
*Weighted PE ratio:77.22
*Per-layer info:
Runtimes=[14161.0, 37296.0, 8288.0, 36216.0, 19296.0, 4288.0, 18288.0, 4288.0, 18288.0, 21888.0, 2432.0, 20160.0, 2432.0, 20160.0, 2432.0, 20160.0, 2432.0, 20160.0, 2432.0, 20160.0, 2432.0, 20160.0, 2432.0, 20160.0, 2432.0, 20160.0, 32256.0, 3584.0, 29952.0, 3584.0, 29952.0, 3584.0, 29952.0, 3584.0, 29952.0, 3584.0, 29952.0, 3584.0, 29952.0, 3584.0, 29952.0, 3584.0, 29952.0, 73728.0, 8192.0, 73728.0, 8192.0, 73728.0, 8192.0, 73728.0, 8192.0, 73728.0, 14336.0]
IFMAP_DRAM=[7821120.0, 150209536.0, 33554432.0, 24965120.0, 66299904.0, 16777216.0, 16642048.0, 16777216.0, 16642048.0, 53219328.0, 8388608.0, 12304384.0, 8388608.0, 12304384.0, 8388608.0, 12304384.0, 8388608.0, 12304384.0, 8388608.0, 12304384.0, 8388608.0, 12304384.0, 8388608.0, 12304384.0, 8388608.0, 12304384.0, 12705792.0, 4194304.0, 6193024.0, 4194304.0, 6193024.0, 4194304.0, 6193024.0, 4194304.0, 6193024.0, 4194304.0, 6193024.0, 4194304.0, 6193024.0, 4194304.0, 6193024.0, 4194304.0, 6193024.0, 7159808.0, 2097152.0, 3538496.0, 2097152.0, 3538496.0, 2097152.0, 3538496.0, 2097152.0, 3538496.0, 31776.0]
Filter_DRAM=[27648.0, 589824.0, 65536.0, 589824.0, 2359296.0, 262144.0, 2359296.0, 262144.0, 2359296.0, 9437184.0, 1048576.0, 9437184.0, 1048576.0, 9437184.0, 1048576.0, 9437184.0, 1048576.0, 9437184.0, 1048576.0, 9437184.0, 1048576.0, 9437184.0, 1048576.0, 9437184.0, 1048576.0, 9437184.0, 37748736.0, 4194304.0, 33030016.0, 4194304.0, 33030016.0, 4194304.0, 33030016.0, 4194304.0, 33030016.0, 4194304.0, 33030016.0, 4194304.0, 33030016.0, 4194304.0, 33030016.0, 4194304.0, 33030016.0, 150994944.0, 16777216.0, 84934208.0, 16777216.0, 84934208.0, 16777216.0, 84934208.0, 16777216.0, 84934208.0, 1023008.0]
OFMAP_DRAM=[2064512.0, 1048576.0, 524288.0, 1016064.0, 524288.0, 262144.0, 492032.0, 262144.0, 492032.0, 262144.0, 131072.0, 230400.0, 131072.0, 230400.0, 131072.0, 230400.0, 131072.0, 230400.0, 131072.0, 230400.0, 131072.0, 230400.0, 131072.0, 230400.0, 131072.0, 230400.0, 131072.0, 65536.0, 100352.0, 65536.0, 100352.0, 65536.0, 100352.0, 65536.0, 100352.0, 65536.0, 100352.0, 65536.0, 100352.0, 65536.0, 100352.0, 65536.0, 100352.0, 65536.0, 32768.0, 36864.0, 32768.0, 36864.0, 32768.0, 36864.0, 32768.0, 36864.0, 1000.0]
IFMAP_SRAM=[55741824.0, 150994944.0, 33554432.0, 146313216.0, 75497472.0, 16777216.0, 70852608.0, 16777216.0, 70852608.0, 75497472.0, 8388608.0, 66355200.0, 8388608.0, 66355200.0, 8388608.0, 66355200.0, 8388608.0, 66355200.0, 8388608.0, 66355200.0, 8388608.0, 66355200.0, 8388608.0, 66355200.0, 8388608.0, 66355200.0, 75497472.0, 8388608.0, 57802624.0, 8388608.0, 57802624.0, 8388608.0, 57802624.0, 8388608.0, 57802624.0, 8388608.0, 57802624.0, 8388608.0, 57802624.0, 8388608.0, 57802624.0, 8388608.0, 57802624.0, 75497472.0, 8388608.0, 42466880.0, 8388608.0, 42466880.0, 8388608.0, 42466880.0, 8388608.0, 42466880.0, 255008.0]
Filter_SRAM=[27648.0, 589824.0, 65536.0, 589824.0, 2359296.0, 262144.0, 2359296.0, 262144.0, 2359296.0, 9437184.0, 1048576.0, 9437184.0, 1048576.0, 9437184.0, 1048576.0, 9437184.0, 1048576.0, 9437184.0, 1048576.0, 9437184.0, 1048576.0, 9437184.0, 1048576.0, 9437184.0, 1048576.0, 9437184.0, 37748736.0, 4194304.0, 33030016.0, 4194304.0, 33030016.0, 4194304.0, 33030016.0, 4194304.0, 33030016.0, 4194304.0, 33030016.0, 4194304.0, 33030016.0, 4194304.0, 33030016.0, 4194304.0, 33030016.0, 150994944.0, 16777216.0, 84934208.0, 16777216.0, 84934208.0, 16777216.0, 84934208.0, 16777216.0, 84934208.0, 1023008.0]
OFMAP_SRAM=[14451584.0, 75497472.0, 8388608.0, 73156608.0, 75497472.0, 8388608.0, 70852608.0, 8388608.0, 70852608.0, 75497472.0, 8388608.0, 66355200.0, 8388608.0, 66355200.0, 8388608.0, 66355200.0, 8388608.0, 66355200.0, 8388608.0, 66355200.0, 8388608.0, 66355200.0, 8388608.0, 66355200.0, 8388608.0, 66355200.0, 75497472.0, 8388608.0, 57802624.0, 8388608.0, 57802624.0, 8388608.0, 57802624.0, 8388608.0, 57802624.0, 8388608.0, 57802624.0, 8388608.0, 57802624.0, 8388608.0, 57802624.0, 8388608.0, 57802624.0, 75497472.0, 8388608.0, 42466880.0, 8388608.0, 42466880.0, 8388608.0, 42466880.0, 8388608.0, 42466880.0, 255008.0]

RT=[1079321.0]
DRAMS=[1702238952.0]
SRAMS=[5154740320.0]
Batch Size:1

Elapsed Time=8:01:57.920527
