
***2x2 REPORT
*Runtime= 1203634.0
*DRAM reads= 32473918.0, 82122430.0, 11643240.0
*total DRAM reads= 126239588.0
*SRAM reads= 137188822.0, 82122430.0, 124889086.0
*total SRAM reads= 344200338.0
*Weighted Util:60.28
*Weighted Pod Util:99.32
*Weighted PE ratio:73.37
*Per-layer info:
Runtimes=[32384.0, 41590.0, 8318.0, 40320.0, 19566.0, 4348.0, 18432.0, 4348.0, 18432.0, 22968.0, 2552.0, 20736.0, 2552.0, 20736.0, 2552.0, 20736.0, 2552.0, 20736.0, 2552.0, 20736.0, 2552.0, 20736.0, 2552.0, 20736.0, 2552.0, 20736.0, 36576.0, 4064.0, 32256.0, 4064.0, 32256.0, 4064.0, 32256.0, 4064.0, 32256.0, 4064.0, 32256.0, 4064.0, 32256.0, 4064.0, 32256.0, 4064.0, 32256.0, 91008.0, 10112.0, 82944.0, 10112.0, 82944.0, 10112.0, 82944.0, 10112.0, 82944.0, 16256.0]
IFMAP_DRAM=[396288.0, 9146112.0, 2097152.0, 1064960.0, 4153408.0, 1048576.0, 540672.0, 1048576.0, 540672.0, 1064960.0, 524288.0, 278528.0, 524288.0, 278528.0, 524288.0, 278528.0, 524288.0, 278528.0, 524288.0, 278528.0, 524288.0, 278528.0, 524288.0, 278528.0, 524288.0, 278528.0, 540672.0, 262144.0, 147456.0, 262144.0, 147456.0, 262144.0, 147456.0, 262144.0, 147456.0, 262144.0, 147456.0, 262144.0, 147456.0, 262144.0, 147456.0, 262144.0, 147456.0, 278528.0, 131072.0, 81920.0, 131072.0, 81920.0, 131072.0, 81920.0, 131072.0, 81920.0, 2046.0]
Filter_DRAM=[1728.0, 36864.0, 4096.0, 36864.0, 147456.0, 16384.0, 147456.0, 16384.0, 147456.0, 589824.0, 65536.0, 589824.0, 65536.0, 589824.0, 65536.0, 589824.0, 65536.0, 589824.0, 65536.0, 589824.0, 65536.0, 589824.0, 65536.0, 589824.0, 65536.0, 589824.0, 2359296.0, 262144.0, 2359296.0, 262144.0, 2359296.0, 262144.0, 2359296.0, 262144.0, 2359296.0, 262144.0, 2359296.0, 262144.0, 2359296.0, 262144.0, 2359296.0, 262144.0, 2359296.0, 9437184.0, 1048576.0, 9437184.0, 1048576.0, 9437184.0, 1048576.0, 9437184.0, 1048576.0, 9437184.0, 1023998.0]
OFMAP_DRAM=[2064512.0, 1048576.0, 524288.0, 1016064.0, 524288.0, 262144.0, 492032.0, 262144.0, 492032.0, 262144.0, 131072.0, 230400.0, 131072.0, 230400.0, 131072.0, 230400.0, 131072.0, 230400.0, 131072.0, 230400.0, 131072.0, 230400.0, 131072.0, 230400.0, 131072.0, 230400.0, 131072.0, 65536.0, 100352.0, 65536.0, 100352.0, 65536.0, 100352.0, 65536.0, 100352.0, 65536.0, 100352.0, 65536.0, 100352.0, 65536.0, 100352.0, 65536.0, 100352.0, 65536.0, 32768.0, 36864.0, 32768.0, 36864.0, 32768.0, 36864.0, 32768.0, 36864.0, 1000.0]
IFMAP_SRAM=[3483864.0, 9437184.0, 2097152.0, 9144576.0, 4718592.0, 1048576.0, 4428288.0, 1048576.0, 4428288.0, 4718592.0, 524288.0, 4147200.0, 524288.0, 4147200.0, 524288.0, 4147200.0, 524288.0, 4147200.0, 524288.0, 4147200.0, 524288.0, 4147200.0, 524288.0, 4147200.0, 524288.0, 4147200.0, 4718592.0, 524288.0, 3612672.0, 524288.0, 3612672.0, 524288.0, 3612672.0, 524288.0, 3612672.0, 524288.0, 3612672.0, 524288.0, 3612672.0, 524288.0, 3612672.0, 524288.0, 3612672.0, 4718592.0, 524288.0, 2654208.0, 524288.0, 2654208.0, 524288.0, 2654208.0, 524288.0, 2654208.0, 16382.0]
Filter_SRAM=[1728.0, 36864.0, 4096.0, 36864.0, 147456.0, 16384.0, 147456.0, 16384.0, 147456.0, 589824.0, 65536.0, 589824.0, 65536.0, 589824.0, 65536.0, 589824.0, 65536.0, 589824.0, 65536.0, 589824.0, 65536.0, 589824.0, 65536.0, 589824.0, 65536.0, 589824.0, 2359296.0, 262144.0, 2359296.0, 262144.0, 2359296.0, 262144.0, 2359296.0, 262144.0, 2359296.0, 262144.0, 2359296.0, 262144.0, 2359296.0, 262144.0, 2359296.0, 262144.0, 2359296.0, 9437184.0, 1048576.0, 9437184.0, 1048576.0, 9437184.0, 1048576.0, 9437184.0, 1048576.0, 9437184.0, 1023998.0]
OFMAP_SRAM=[2064512.0, 5242880.0, 524288.0, 5080320.0, 4718592.0, 524288.0, 4428288.0, 524288.0, 4428288.0, 4718592.0, 524288.0, 4147200.0, 524288.0, 4147200.0, 524288.0, 4147200.0, 524288.0, 4147200.0, 524288.0, 4147200.0, 524288.0, 4147200.0, 524288.0, 4147200.0, 524288.0, 4147200.0, 4718592.0, 524288.0, 3612672.0, 524288.0, 3612672.0, 524288.0, 3612672.0, 524288.0, 3612672.0, 524288.0, 3612672.0, 524288.0, 3612672.0, 524288.0, 3612672.0, 524288.0, 3612672.0, 4718592.0, 524288.0, 2654208.0, 524288.0, 2654208.0, 524288.0, 2654208.0, 524288.0, 2654208.0, 15998.0]

RT=[1203634.0]
DRAMS=[126239588.0]
SRAMS=[344200338.0]
Batch Size:1

Elapsed Time=0:19:28.093732
