
***16x16 REPORT
*Runtime= 1131552.0
*DRAM reads= 305263536.0, 574313488.0, 11643240.0
*total DRAM reads= 891220264.0
*SRAM reads= 1097509072.0, 574313488.0, 982595600.0
*total SRAM reads= 2654418160.0
*Weighted Util:61.49
*Weighted Pod Util:91.8
*Weighted PE ratio:74.53
*Per-layer info:
Runtimes=[16188.0, 37368.0, 8304.0, 36252.0, 19440.0, 4320.0, 18360.0, 4320.0, 18360.0, 22464.0, 2496.0, 20448.0, 2496.0, 20448.0, 2496.0, 20448.0, 2496.0, 20448.0, 2496.0, 20448.0, 2496.0, 20448.0, 2496.0, 20448.0, 2496.0, 20448.0, 34560.0, 3840.0, 31104.0, 3840.0, 31104.0, 3840.0, 31104.0, 3840.0, 31104.0, 3840.0, 31104.0, 3840.0, 31104.0, 3840.0, 31104.0, 3840.0, 31104.0, 82944.0, 9216.0, 78336.0, 9216.0, 78336.0, 9216.0, 78336.0, 9216.0, 78336.0, 15360.0]
IFMAP_DRAM=[3515808.0, 75104768.0, 16777216.0, 10370048.0, 33227264.0, 8388608.0, 6191104.0, 8388608.0, 6191104.0, 10354688.0, 4194304.0, 4120576.0, 4194304.0, 4120576.0, 4194304.0, 4120576.0, 4194304.0, 4120576.0, 4194304.0, 4120576.0, 4194304.0, 4120576.0, 4194304.0, 4120576.0, 4194304.0, 4120576.0, 6160384.0, 2097152.0, 2998272.0, 2097152.0, 2998272.0, 2097152.0, 2998272.0, 2097152.0, 2998272.0, 2097152.0, 2998272.0, 2097152.0, 2998272.0, 2097152.0, 2998272.0, 2097152.0, 2998272.0, 3203072.0, 1048576.0, 1474496.0, 1048576.0, 1474496.0, 1048576.0, 1474496.0, 1048576.0, 1474496.0, 16144.0]
Filter_DRAM=[13824.0, 294912.0, 32768.0, 294912.0, 1179648.0, 131072.0, 1179648.0, 131072.0, 1179648.0, 4718592.0, 524288.0, 4718592.0, 524288.0, 4718592.0, 524288.0, 4718592.0, 524288.0, 4718592.0, 524288.0, 4718592.0, 524288.0, 4718592.0, 524288.0, 4718592.0, 524288.0, 4718592.0, 18874368.0, 2097152.0, 18874368.0, 2097152.0, 18874368.0, 2097152.0, 18874368.0, 2097152.0, 18874368.0, 2097152.0, 18874368.0, 2097152.0, 18874368.0, 2097152.0, 18874368.0, 2097152.0, 18874368.0, 75497472.0, 8388608.0, 56623040.0, 8388608.0, 56623040.0, 8388608.0, 56623040.0, 8388608.0, 56623040.0, 1023760.0]
OFMAP_DRAM=[2064512.0, 1048576.0, 524288.0, 1016064.0, 524288.0, 262144.0, 492032.0, 262144.0, 492032.0, 262144.0, 131072.0, 230400.0, 131072.0, 230400.0, 131072.0, 230400.0, 131072.0, 230400.0, 131072.0, 230400.0, 131072.0, 230400.0, 131072.0, 230400.0, 131072.0, 230400.0, 131072.0, 65536.0, 100352.0, 65536.0, 100352.0, 65536.0, 100352.0, 65536.0, 100352.0, 65536.0, 100352.0, 65536.0, 100352.0, 65536.0, 100352.0, 65536.0, 100352.0, 65536.0, 32768.0, 36864.0, 32768.0, 36864.0, 32768.0, 36864.0, 32768.0, 36864.0, 1000.0]
IFMAP_SRAM=[27870912.0, 75497472.0, 16777216.0, 73156608.0, 37748736.0, 8388608.0, 35426304.0, 8388608.0, 35426304.0, 37748736.0, 4194304.0, 33177600.0, 4194304.0, 33177600.0, 4194304.0, 33177600.0, 4194304.0, 33177600.0, 4194304.0, 33177600.0, 4194304.0, 33177600.0, 4194304.0, 33177600.0, 4194304.0, 33177600.0, 37748736.0, 4194304.0, 28901376.0, 4194304.0, 28901376.0, 4194304.0, 28901376.0, 4194304.0, 28901376.0, 4194304.0, 28901376.0, 4194304.0, 28901376.0, 4194304.0, 28901376.0, 4194304.0, 28901376.0, 37748736.0, 4194304.0, 21233600.0, 4194304.0, 21233600.0, 4194304.0, 21233600.0, 4194304.0, 21233600.0, 129808.0]
Filter_SRAM=[13824.0, 294912.0, 32768.0, 294912.0, 1179648.0, 131072.0, 1179648.0, 131072.0, 1179648.0, 4718592.0, 524288.0, 4718592.0, 524288.0, 4718592.0, 524288.0, 4718592.0, 524288.0, 4718592.0, 524288.0, 4718592.0, 524288.0, 4718592.0, 524288.0, 4718592.0, 524288.0, 4718592.0, 18874368.0, 2097152.0, 18874368.0, 2097152.0, 18874368.0, 2097152.0, 18874368.0, 2097152.0, 18874368.0, 2097152.0, 18874368.0, 2097152.0, 18874368.0, 2097152.0, 18874368.0, 2097152.0, 18874368.0, 75497472.0, 8388608.0, 56623040.0, 8388608.0, 56623040.0, 8388608.0, 56623040.0, 8388608.0, 56623040.0, 1023760.0]
OFMAP_SRAM=[8258048.0, 37748736.0, 4194304.0, 36578304.0, 37748736.0, 4194304.0, 35426304.0, 4194304.0, 35426304.0, 37748736.0, 4194304.0, 33177600.0, 4194304.0, 33177600.0, 4194304.0, 33177600.0, 4194304.0, 33177600.0, 4194304.0, 33177600.0, 4194304.0, 33177600.0, 4194304.0, 33177600.0, 4194304.0, 33177600.0, 37748736.0, 4194304.0, 28901376.0, 4194304.0, 28901376.0, 4194304.0, 28901376.0, 4194304.0, 28901376.0, 4194304.0, 28901376.0, 4194304.0, 28901376.0, 4194304.0, 28901376.0, 4194304.0, 28901376.0, 37748736.0, 4194304.0, 21233600.0, 4194304.0, 21233600.0, 4194304.0, 21233600.0, 4194304.0, 21233600.0, 127760.0]

RT=[1131552.0]
DRAMS=[891220264.0]
SRAMS=[2654418160.0]
Batch Size:1

Elapsed Time=3:04:32.123397
