
***8x8 REPORT
*Runtime= 296704.0
*DRAM reads= 29360128.0, 101711872.0, 720896
*total DRAM reads= 131792896.0
*SRAM reads= 63963136.0, 101711872.0, 50855936.0
*total SRAM reads= 216530944.0
*Weighted Util:39.75
*Weighted Pod Util:100.0
*Weighted PE ratio:60.53
*Per-layer info:
Runtimes=[2432.0, 2432.0, 2432.0, 152.0, 152.0, 2432.0, 2432.0, 2432.0, 152.0, 152.0, 2432.0, 2432.0, 2432.0, 152.0, 152.0, 2432.0, 2432.0, 2432.0, 152.0, 152.0, 2432.0, 2432.0, 2432.0, 152.0, 152.0, 2432.0, 2432.0, 2432.0, 152.0, 152.0, 2432.0, 2432.0, 2432.0, 152.0, 152.0, 2432.0, 2432.0, 2432.0, 152.0, 152.0, 2432.0, 2432.0, 2432.0, 152.0, 152.0, 2432.0, 2432.0, 2432.0, 152.0, 152.0, 2432.0, 2432.0, 2432.0, 152.0, 152.0, 2432.0, 2432.0, 2432.0, 152.0, 152.0, 2432.0, 2432.0, 2432.0, 152.0, 152.0, 2432.0, 2432.0, 2432.0, 152.0, 152.0, 2432.0, 2432.0, 2432.0, 152.0, 152.0, 2432.0, 2432.0, 2432.0, 152.0, 152.0, 19456.0, 77824.0, 77824.0]
IFMAP_DRAM=[524288.0, 524288.0, 524288.0, 32768.0, 32768.0, 524288.0, 524288.0, 524288.0, 32768.0, 32768.0, 524288.0, 524288.0, 524288.0, 32768.0, 32768.0, 524288.0, 524288.0, 524288.0, 32768.0, 32768.0, 524288.0, 524288.0, 524288.0, 32768.0, 32768.0, 524288.0, 524288.0, 524288.0, 32768.0, 32768.0, 524288.0, 524288.0, 524288.0, 32768.0, 32768.0, 524288.0, 524288.0, 524288.0, 32768.0, 32768.0, 524288.0, 524288.0, 524288.0, 32768.0, 32768.0, 524288.0, 524288.0, 524288.0, 32768.0, 32768.0, 524288.0, 524288.0, 524288.0, 32768.0, 32768.0, 524288.0, 524288.0, 524288.0, 32768.0, 32768.0, 524288.0, 524288.0, 524288.0, 32768.0, 32768.0, 524288.0, 524288.0, 524288.0, 32768.0, 32768.0, 524288.0, 524288.0, 524288.0, 32768.0, 32768.0, 524288.0, 524288.0, 524288.0, 32768.0, 32768.0, 524288.0, 524288.0, 2097152.0]
Filter_DRAM=[524288.0, 524288.0, 524288.0, 32768.0, 32768.0, 524288.0, 524288.0, 524288.0, 32768.0, 32768.0, 524288.0, 524288.0, 524288.0, 32768.0, 32768.0, 524288.0, 524288.0, 524288.0, 32768.0, 32768.0, 524288.0, 524288.0, 524288.0, 32768.0, 32768.0, 524288.0, 524288.0, 524288.0, 32768.0, 32768.0, 524288.0, 524288.0, 524288.0, 32768.0, 32768.0, 524288.0, 524288.0, 524288.0, 32768.0, 32768.0, 524288.0, 524288.0, 524288.0, 32768.0, 32768.0, 524288.0, 524288.0, 524288.0, 32768.0, 32768.0, 524288.0, 524288.0, 524288.0, 32768.0, 32768.0, 524288.0, 524288.0, 524288.0, 32768.0, 32768.0, 524288.0, 524288.0, 524288.0, 32768.0, 32768.0, 524288.0, 524288.0, 524288.0, 32768.0, 32768.0, 524288.0, 524288.0, 524288.0, 32768.0, 32768.0, 524288.0, 524288.0, 524288.0, 32768.0, 32768.0, 8388608.0, 33554432.0, 33554432.0]
OFMAP_DRAM=[4096, 4096, 4096, 4096, 4096, 4096, 4096, 4096, 4096, 4096, 4096, 4096, 4096, 4096, 4096, 4096, 4096, 4096, 4096, 4096, 4096, 4096, 4096, 4096, 4096, 4096, 4096, 4096, 4096, 4096, 4096, 4096, 4096, 4096, 4096, 4096, 4096, 4096, 4096, 4096, 4096, 4096, 4096, 4096, 4096, 4096, 4096, 4096, 4096, 4096, 4096, 4096, 4096, 4096, 4096, 4096, 4096, 4096, 4096, 4096, 4096, 4096, 4096, 4096, 4096, 4096, 4096, 4096, 4096, 4096, 4096, 4096, 4096, 4096, 4096, 4096, 4096, 4096, 4096, 4096, 65536, 262144, 65536]
IFMAP_SRAM=[524288.0, 524288.0, 524288.0, 32768.0, 32768.0, 524288.0, 524288.0, 524288.0, 32768.0, 32768.0, 524288.0, 524288.0, 524288.0, 32768.0, 32768.0, 524288.0, 524288.0, 524288.0, 32768.0, 32768.0, 524288.0, 524288.0, 524288.0, 32768.0, 32768.0, 524288.0, 524288.0, 524288.0, 32768.0, 32768.0, 524288.0, 524288.0, 524288.0, 32768.0, 32768.0, 524288.0, 524288.0, 524288.0, 32768.0, 32768.0, 524288.0, 524288.0, 524288.0, 32768.0, 32768.0, 524288.0, 524288.0, 524288.0, 32768.0, 32768.0, 524288.0, 524288.0, 524288.0, 32768.0, 32768.0, 524288.0, 524288.0, 524288.0, 32768.0, 32768.0, 524288.0, 524288.0, 524288.0, 32768.0, 32768.0, 524288.0, 524288.0, 524288.0, 32768.0, 32768.0, 524288.0, 524288.0, 524288.0, 32768.0, 32768.0, 524288.0, 524288.0, 524288.0, 32768.0, 32768.0, 4194304.0, 16777216.0, 16777216.0]
Filter_SRAM=[524288.0, 524288.0, 524288.0, 32768.0, 32768.0, 524288.0, 524288.0, 524288.0, 32768.0, 32768.0, 524288.0, 524288.0, 524288.0, 32768.0, 32768.0, 524288.0, 524288.0, 524288.0, 32768.0, 32768.0, 524288.0, 524288.0, 524288.0, 32768.0, 32768.0, 524288.0, 524288.0, 524288.0, 32768.0, 32768.0, 524288.0, 524288.0, 524288.0, 32768.0, 32768.0, 524288.0, 524288.0, 524288.0, 32768.0, 32768.0, 524288.0, 524288.0, 524288.0, 32768.0, 32768.0, 524288.0, 524288.0, 524288.0, 32768.0, 32768.0, 524288.0, 524288.0, 524288.0, 32768.0, 32768.0, 524288.0, 524288.0, 524288.0, 32768.0, 32768.0, 524288.0, 524288.0, 524288.0, 32768.0, 32768.0, 524288.0, 524288.0, 524288.0, 32768.0, 32768.0, 524288.0, 524288.0, 524288.0, 32768.0, 32768.0, 524288.0, 524288.0, 524288.0, 32768.0, 32768.0, 8388608.0, 33554432.0, 33554432.0]
OFMAP_SRAM=[262144.0, 262144.0, 262144.0, 16384.0, 16384.0, 262144.0, 262144.0, 262144.0, 16384.0, 16384.0, 262144.0, 262144.0, 262144.0, 16384.0, 16384.0, 262144.0, 262144.0, 262144.0, 16384.0, 16384.0, 262144.0, 262144.0, 262144.0, 16384.0, 16384.0, 262144.0, 262144.0, 262144.0, 16384.0, 16384.0, 262144.0, 262144.0, 262144.0, 16384.0, 16384.0, 262144.0, 262144.0, 262144.0, 16384.0, 16384.0, 262144.0, 262144.0, 262144.0, 16384.0, 16384.0, 262144.0, 262144.0, 262144.0, 16384.0, 16384.0, 262144.0, 262144.0, 262144.0, 16384.0, 16384.0, 262144.0, 262144.0, 262144.0, 16384.0, 16384.0, 262144.0, 262144.0, 262144.0, 16384.0, 16384.0, 262144.0, 262144.0, 262144.0, 16384.0, 16384.0, 262144.0, 262144.0, 262144.0, 16384.0, 16384.0, 262144.0, 262144.0, 262144.0, 16384.0, 16384.0, 4194304.0, 16777216.0, 16777216.0]

RT=[296704.0]
DRAMS=[131792896.0]
SRAMS=[216530944.0]
Batch Size:1

Elapsed Time=0:18:26.992969
