
***32x32 REPORT
*Runtime= 249856.0
*DRAM reads= 117440512.0, 406847488.0, 720896
*total DRAM reads= 525008896.0
*SRAM reads= 255852544.0, 406847488.0, 203423744.0
*total SRAM reads= 866123776.0
*Weighted Util:39.75
*Weighted Pod Util:100.0
*Weighted PE ratio:62.5
*Per-layer info:
Runtimes=[2048.0, 2048.0, 2048.0, 128.0, 128.0, 2048.0, 2048.0, 2048.0, 128.0, 128.0, 2048.0, 2048.0, 2048.0, 128.0, 128.0, 2048.0, 2048.0, 2048.0, 128.0, 128.0, 2048.0, 2048.0, 2048.0, 128.0, 128.0, 2048.0, 2048.0, 2048.0, 128.0, 128.0, 2048.0, 2048.0, 2048.0, 128.0, 128.0, 2048.0, 2048.0, 2048.0, 128.0, 128.0, 2048.0, 2048.0, 2048.0, 128.0, 128.0, 2048.0, 2048.0, 2048.0, 128.0, 128.0, 2048.0, 2048.0, 2048.0, 128.0, 128.0, 2048.0, 2048.0, 2048.0, 128.0, 128.0, 2048.0, 2048.0, 2048.0, 128.0, 128.0, 2048.0, 2048.0, 2048.0, 128.0, 128.0, 2048.0, 2048.0, 2048.0, 128.0, 128.0, 2048.0, 2048.0, 2048.0, 128.0, 128.0, 16384.0, 65536.0, 65536.0]
IFMAP_DRAM=[2097152.0, 2097152.0, 2097152.0, 131072.0, 131072.0, 2097152.0, 2097152.0, 2097152.0, 131072.0, 131072.0, 2097152.0, 2097152.0, 2097152.0, 131072.0, 131072.0, 2097152.0, 2097152.0, 2097152.0, 131072.0, 131072.0, 2097152.0, 2097152.0, 2097152.0, 131072.0, 131072.0, 2097152.0, 2097152.0, 2097152.0, 131072.0, 131072.0, 2097152.0, 2097152.0, 2097152.0, 131072.0, 131072.0, 2097152.0, 2097152.0, 2097152.0, 131072.0, 131072.0, 2097152.0, 2097152.0, 2097152.0, 131072.0, 131072.0, 2097152.0, 2097152.0, 2097152.0, 131072.0, 131072.0, 2097152.0, 2097152.0, 2097152.0, 131072.0, 131072.0, 2097152.0, 2097152.0, 2097152.0, 131072.0, 131072.0, 2097152.0, 2097152.0, 2097152.0, 131072.0, 131072.0, 2097152.0, 2097152.0, 2097152.0, 131072.0, 131072.0, 2097152.0, 2097152.0, 2097152.0, 131072.0, 131072.0, 2097152.0, 2097152.0, 2097152.0, 131072.0, 131072.0, 2097152.0, 2097152.0, 8388608.0]
Filter_DRAM=[2097152.0, 2097152.0, 2097152.0, 131072.0, 131072.0, 2097152.0, 2097152.0, 2097152.0, 131072.0, 131072.0, 2097152.0, 2097152.0, 2097152.0, 131072.0, 131072.0, 2097152.0, 2097152.0, 2097152.0, 131072.0, 131072.0, 2097152.0, 2097152.0, 2097152.0, 131072.0, 131072.0, 2097152.0, 2097152.0, 2097152.0, 131072.0, 131072.0, 2097152.0, 2097152.0, 2097152.0, 131072.0, 131072.0, 2097152.0, 2097152.0, 2097152.0, 131072.0, 131072.0, 2097152.0, 2097152.0, 2097152.0, 131072.0, 131072.0, 2097152.0, 2097152.0, 2097152.0, 131072.0, 131072.0, 2097152.0, 2097152.0, 2097152.0, 131072.0, 131072.0, 2097152.0, 2097152.0, 2097152.0, 131072.0, 131072.0, 2097152.0, 2097152.0, 2097152.0, 131072.0, 131072.0, 2097152.0, 2097152.0, 2097152.0, 131072.0, 131072.0, 2097152.0, 2097152.0, 2097152.0, 131072.0, 131072.0, 2097152.0, 2097152.0, 2097152.0, 131072.0, 131072.0, 33554432.0, 134217728.0, 134217728.0]
OFMAP_DRAM=[4096, 4096, 4096, 4096, 4096, 4096, 4096, 4096, 4096, 4096, 4096, 4096, 4096, 4096, 4096, 4096, 4096, 4096, 4096, 4096, 4096, 4096, 4096, 4096, 4096, 4096, 4096, 4096, 4096, 4096, 4096, 4096, 4096, 4096, 4096, 4096, 4096, 4096, 4096, 4096, 4096, 4096, 4096, 4096, 4096, 4096, 4096, 4096, 4096, 4096, 4096, 4096, 4096, 4096, 4096, 4096, 4096, 4096, 4096, 4096, 4096, 4096, 4096, 4096, 4096, 4096, 4096, 4096, 4096, 4096, 4096, 4096, 4096, 4096, 4096, 4096, 4096, 4096, 4096, 4096, 65536, 262144, 65536]
IFMAP_SRAM=[2097152.0, 2097152.0, 2097152.0, 131072.0, 131072.0, 2097152.0, 2097152.0, 2097152.0, 131072.0, 131072.0, 2097152.0, 2097152.0, 2097152.0, 131072.0, 131072.0, 2097152.0, 2097152.0, 2097152.0, 131072.0, 131072.0, 2097152.0, 2097152.0, 2097152.0, 131072.0, 131072.0, 2097152.0, 2097152.0, 2097152.0, 131072.0, 131072.0, 2097152.0, 2097152.0, 2097152.0, 131072.0, 131072.0, 2097152.0, 2097152.0, 2097152.0, 131072.0, 131072.0, 2097152.0, 2097152.0, 2097152.0, 131072.0, 131072.0, 2097152.0, 2097152.0, 2097152.0, 131072.0, 131072.0, 2097152.0, 2097152.0, 2097152.0, 131072.0, 131072.0, 2097152.0, 2097152.0, 2097152.0, 131072.0, 131072.0, 2097152.0, 2097152.0, 2097152.0, 131072.0, 131072.0, 2097152.0, 2097152.0, 2097152.0, 131072.0, 131072.0, 2097152.0, 2097152.0, 2097152.0, 131072.0, 131072.0, 2097152.0, 2097152.0, 2097152.0, 131072.0, 131072.0, 16777216.0, 67108864.0, 67108864.0]
Filter_SRAM=[2097152.0, 2097152.0, 2097152.0, 131072.0, 131072.0, 2097152.0, 2097152.0, 2097152.0, 131072.0, 131072.0, 2097152.0, 2097152.0, 2097152.0, 131072.0, 131072.0, 2097152.0, 2097152.0, 2097152.0, 131072.0, 131072.0, 2097152.0, 2097152.0, 2097152.0, 131072.0, 131072.0, 2097152.0, 2097152.0, 2097152.0, 131072.0, 131072.0, 2097152.0, 2097152.0, 2097152.0, 131072.0, 131072.0, 2097152.0, 2097152.0, 2097152.0, 131072.0, 131072.0, 2097152.0, 2097152.0, 2097152.0, 131072.0, 131072.0, 2097152.0, 2097152.0, 2097152.0, 131072.0, 131072.0, 2097152.0, 2097152.0, 2097152.0, 131072.0, 131072.0, 2097152.0, 2097152.0, 2097152.0, 131072.0, 131072.0, 2097152.0, 2097152.0, 2097152.0, 131072.0, 131072.0, 2097152.0, 2097152.0, 2097152.0, 131072.0, 131072.0, 2097152.0, 2097152.0, 2097152.0, 131072.0, 131072.0, 2097152.0, 2097152.0, 2097152.0, 131072.0, 131072.0, 33554432.0, 134217728.0, 134217728.0]
OFMAP_SRAM=[1048576.0, 1048576.0, 1048576.0, 65536.0, 65536.0, 1048576.0, 1048576.0, 1048576.0, 65536.0, 65536.0, 1048576.0, 1048576.0, 1048576.0, 65536.0, 65536.0, 1048576.0, 1048576.0, 1048576.0, 65536.0, 65536.0, 1048576.0, 1048576.0, 1048576.0, 65536.0, 65536.0, 1048576.0, 1048576.0, 1048576.0, 65536.0, 65536.0, 1048576.0, 1048576.0, 1048576.0, 65536.0, 65536.0, 1048576.0, 1048576.0, 1048576.0, 65536.0, 65536.0, 1048576.0, 1048576.0, 1048576.0, 65536.0, 65536.0, 1048576.0, 1048576.0, 1048576.0, 65536.0, 65536.0, 1048576.0, 1048576.0, 1048576.0, 65536.0, 65536.0, 1048576.0, 1048576.0, 1048576.0, 65536.0, 65536.0, 1048576.0, 1048576.0, 1048576.0, 65536.0, 65536.0, 1048576.0, 1048576.0, 1048576.0, 65536.0, 65536.0, 1048576.0, 1048576.0, 1048576.0, 65536.0, 65536.0, 1048576.0, 1048576.0, 1048576.0, 65536.0, 65536.0, 16777216.0, 67108864.0, 67108864.0]

RT=[249856.0]
DRAMS=[525008896.0]
SRAMS=[866123776.0]
Batch Size:1

Elapsed Time=3:36:25.336951
