
***2x2 REPORT
*Runtime= 308416.0
*DRAM reads= 7340032.0, 25427968.0, 720896
*total DRAM reads= 33488896.0
*SRAM reads= 15990784.0, 25427968.0, 12713984.0
*total SRAM reads= 54132736.0
*Weighted Util:39.75
*Weighted Pod Util:100.0
*Weighted PE ratio:60.13
*Per-layer info:
Runtimes=[2528.0, 2528.0, 2528.0, 158.0, 158.0, 2528.0, 2528.0, 2528.0, 158.0, 158.0, 2528.0, 2528.0, 2528.0, 158.0, 158.0, 2528.0, 2528.0, 2528.0, 158.0, 158.0, 2528.0, 2528.0, 2528.0, 158.0, 158.0, 2528.0, 2528.0, 2528.0, 158.0, 158.0, 2528.0, 2528.0, 2528.0, 158.0, 158.0, 2528.0, 2528.0, 2528.0, 158.0, 158.0, 2528.0, 2528.0, 2528.0, 158.0, 158.0, 2528.0, 2528.0, 2528.0, 158.0, 158.0, 2528.0, 2528.0, 2528.0, 158.0, 158.0, 2528.0, 2528.0, 2528.0, 158.0, 158.0, 2528.0, 2528.0, 2528.0, 158.0, 158.0, 2528.0, 2528.0, 2528.0, 158.0, 158.0, 2528.0, 2528.0, 2528.0, 158.0, 158.0, 2528.0, 2528.0, 2528.0, 158.0, 158.0, 20224.0, 80896.0, 80896.0]
IFMAP_DRAM=[131072.0, 131072.0, 131072.0, 8192.0, 8192.0, 131072.0, 131072.0, 131072.0, 8192.0, 8192.0, 131072.0, 131072.0, 131072.0, 8192.0, 8192.0, 131072.0, 131072.0, 131072.0, 8192.0, 8192.0, 131072.0, 131072.0, 131072.0, 8192.0, 8192.0, 131072.0, 131072.0, 131072.0, 8192.0, 8192.0, 131072.0, 131072.0, 131072.0, 8192.0, 8192.0, 131072.0, 131072.0, 131072.0, 8192.0, 8192.0, 131072.0, 131072.0, 131072.0, 8192.0, 8192.0, 131072.0, 131072.0, 131072.0, 8192.0, 8192.0, 131072.0, 131072.0, 131072.0, 8192.0, 8192.0, 131072.0, 131072.0, 131072.0, 8192.0, 8192.0, 131072.0, 131072.0, 131072.0, 8192.0, 8192.0, 131072.0, 131072.0, 131072.0, 8192.0, 8192.0, 131072.0, 131072.0, 131072.0, 8192.0, 8192.0, 131072.0, 131072.0, 131072.0, 8192.0, 8192.0, 131072.0, 131072.0, 524288.0]
Filter_DRAM=[131072.0, 131072.0, 131072.0, 8192.0, 8192.0, 131072.0, 131072.0, 131072.0, 8192.0, 8192.0, 131072.0, 131072.0, 131072.0, 8192.0, 8192.0, 131072.0, 131072.0, 131072.0, 8192.0, 8192.0, 131072.0, 131072.0, 131072.0, 8192.0, 8192.0, 131072.0, 131072.0, 131072.0, 8192.0, 8192.0, 131072.0, 131072.0, 131072.0, 8192.0, 8192.0, 131072.0, 131072.0, 131072.0, 8192.0, 8192.0, 131072.0, 131072.0, 131072.0, 8192.0, 8192.0, 131072.0, 131072.0, 131072.0, 8192.0, 8192.0, 131072.0, 131072.0, 131072.0, 8192.0, 8192.0, 131072.0, 131072.0, 131072.0, 8192.0, 8192.0, 131072.0, 131072.0, 131072.0, 8192.0, 8192.0, 131072.0, 131072.0, 131072.0, 8192.0, 8192.0, 131072.0, 131072.0, 131072.0, 8192.0, 8192.0, 131072.0, 131072.0, 131072.0, 8192.0, 8192.0, 2097152.0, 8388608.0, 8388608.0]
OFMAP_DRAM=[4096, 4096, 4096, 4096, 4096, 4096, 4096, 4096, 4096, 4096, 4096, 4096, 4096, 4096, 4096, 4096, 4096, 4096, 4096, 4096, 4096, 4096, 4096, 4096, 4096, 4096, 4096, 4096, 4096, 4096, 4096, 4096, 4096, 4096, 4096, 4096, 4096, 4096, 4096, 4096, 4096, 4096, 4096, 4096, 4096, 4096, 4096, 4096, 4096, 4096, 4096, 4096, 4096, 4096, 4096, 4096, 4096, 4096, 4096, 4096, 4096, 4096, 4096, 4096, 4096, 4096, 4096, 4096, 4096, 4096, 4096, 4096, 4096, 4096, 4096, 4096, 4096, 4096, 4096, 4096, 65536, 262144, 65536]
IFMAP_SRAM=[131072.0, 131072.0, 131072.0, 8192.0, 8192.0, 131072.0, 131072.0, 131072.0, 8192.0, 8192.0, 131072.0, 131072.0, 131072.0, 8192.0, 8192.0, 131072.0, 131072.0, 131072.0, 8192.0, 8192.0, 131072.0, 131072.0, 131072.0, 8192.0, 8192.0, 131072.0, 131072.0, 131072.0, 8192.0, 8192.0, 131072.0, 131072.0, 131072.0, 8192.0, 8192.0, 131072.0, 131072.0, 131072.0, 8192.0, 8192.0, 131072.0, 131072.0, 131072.0, 8192.0, 8192.0, 131072.0, 131072.0, 131072.0, 8192.0, 8192.0, 131072.0, 131072.0, 131072.0, 8192.0, 8192.0, 131072.0, 131072.0, 131072.0, 8192.0, 8192.0, 131072.0, 131072.0, 131072.0, 8192.0, 8192.0, 131072.0, 131072.0, 131072.0, 8192.0, 8192.0, 131072.0, 131072.0, 131072.0, 8192.0, 8192.0, 131072.0, 131072.0, 131072.0, 8192.0, 8192.0, 1048576.0, 4194304.0, 4194304.0]
Filter_SRAM=[131072.0, 131072.0, 131072.0, 8192.0, 8192.0, 131072.0, 131072.0, 131072.0, 8192.0, 8192.0, 131072.0, 131072.0, 131072.0, 8192.0, 8192.0, 131072.0, 131072.0, 131072.0, 8192.0, 8192.0, 131072.0, 131072.0, 131072.0, 8192.0, 8192.0, 131072.0, 131072.0, 131072.0, 8192.0, 8192.0, 131072.0, 131072.0, 131072.0, 8192.0, 8192.0, 131072.0, 131072.0, 131072.0, 8192.0, 8192.0, 131072.0, 131072.0, 131072.0, 8192.0, 8192.0, 131072.0, 131072.0, 131072.0, 8192.0, 8192.0, 131072.0, 131072.0, 131072.0, 8192.0, 8192.0, 131072.0, 131072.0, 131072.0, 8192.0, 8192.0, 131072.0, 131072.0, 131072.0, 8192.0, 8192.0, 131072.0, 131072.0, 131072.0, 8192.0, 8192.0, 131072.0, 131072.0, 131072.0, 8192.0, 8192.0, 131072.0, 131072.0, 131072.0, 8192.0, 8192.0, 2097152.0, 8388608.0, 8388608.0]
OFMAP_SRAM=[65536.0, 65536.0, 65536.0, 4096.0, 4096.0, 65536.0, 65536.0, 65536.0, 4096.0, 4096.0, 65536.0, 65536.0, 65536.0, 4096.0, 4096.0, 65536.0, 65536.0, 65536.0, 4096.0, 4096.0, 65536.0, 65536.0, 65536.0, 4096.0, 4096.0, 65536.0, 65536.0, 65536.0, 4096.0, 4096.0, 65536.0, 65536.0, 65536.0, 4096.0, 4096.0, 65536.0, 65536.0, 65536.0, 4096.0, 4096.0, 65536.0, 65536.0, 65536.0, 4096.0, 4096.0, 65536.0, 65536.0, 65536.0, 4096.0, 4096.0, 65536.0, 65536.0, 65536.0, 4096.0, 4096.0, 65536.0, 65536.0, 65536.0, 4096.0, 4096.0, 65536.0, 65536.0, 65536.0, 4096.0, 4096.0, 65536.0, 65536.0, 65536.0, 4096.0, 4096.0, 65536.0, 65536.0, 65536.0, 4096.0, 4096.0, 65536.0, 65536.0, 65536.0, 4096.0, 4096.0, 1048576.0, 4194304.0, 4194304.0]

RT=[308416.0]
DRAMS=[33488896.0]
SRAMS=[54132736.0]
Batch Size:1

Elapsed Time=0:03:25.791245
