
***16x16 REPORT
*Runtime= 281088.0
*DRAM reads= 58720256.0, 203423744.0, 720896
*total DRAM reads= 262864896.0
*SRAM reads= 127926272.0, 203423744.0, 101711872.0
*total SRAM reads= 433061888.0
*Weighted Util:39.75
*Weighted Pod Util:100.0
*Weighted PE ratio:61.11
*Per-layer info:
Runtimes=[2304.0, 2304.0, 2304.0, 144.0, 144.0, 2304.0, 2304.0, 2304.0, 144.0, 144.0, 2304.0, 2304.0, 2304.0, 144.0, 144.0, 2304.0, 2304.0, 2304.0, 144.0, 144.0, 2304.0, 2304.0, 2304.0, 144.0, 144.0, 2304.0, 2304.0, 2304.0, 144.0, 144.0, 2304.0, 2304.0, 2304.0, 144.0, 144.0, 2304.0, 2304.0, 2304.0, 144.0, 144.0, 2304.0, 2304.0, 2304.0, 144.0, 144.0, 2304.0, 2304.0, 2304.0, 144.0, 144.0, 2304.0, 2304.0, 2304.0, 144.0, 144.0, 2304.0, 2304.0, 2304.0, 144.0, 144.0, 2304.0, 2304.0, 2304.0, 144.0, 144.0, 2304.0, 2304.0, 2304.0, 144.0, 144.0, 2304.0, 2304.0, 2304.0, 144.0, 144.0, 2304.0, 2304.0, 2304.0, 144.0, 144.0, 18432.0, 73728.0, 73728.0]
IFMAP_DRAM=[1048576.0, 1048576.0, 1048576.0, 65536.0, 65536.0, 1048576.0, 1048576.0, 1048576.0, 65536.0, 65536.0, 1048576.0, 1048576.0, 1048576.0, 65536.0, 65536.0, 1048576.0, 1048576.0, 1048576.0, 65536.0, 65536.0, 1048576.0, 1048576.0, 1048576.0, 65536.0, 65536.0, 1048576.0, 1048576.0, 1048576.0, 65536.0, 65536.0, 1048576.0, 1048576.0, 1048576.0, 65536.0, 65536.0, 1048576.0, 1048576.0, 1048576.0, 65536.0, 65536.0, 1048576.0, 1048576.0, 1048576.0, 65536.0, 65536.0, 1048576.0, 1048576.0, 1048576.0, 65536.0, 65536.0, 1048576.0, 1048576.0, 1048576.0, 65536.0, 65536.0, 1048576.0, 1048576.0, 1048576.0, 65536.0, 65536.0, 1048576.0, 1048576.0, 1048576.0, 65536.0, 65536.0, 1048576.0, 1048576.0, 1048576.0, 65536.0, 65536.0, 1048576.0, 1048576.0, 1048576.0, 65536.0, 65536.0, 1048576.0, 1048576.0, 1048576.0, 65536.0, 65536.0, 1048576.0, 1048576.0, 4194304.0]
Filter_DRAM=[1048576.0, 1048576.0, 1048576.0, 65536.0, 65536.0, 1048576.0, 1048576.0, 1048576.0, 65536.0, 65536.0, 1048576.0, 1048576.0, 1048576.0, 65536.0, 65536.0, 1048576.0, 1048576.0, 1048576.0, 65536.0, 65536.0, 1048576.0, 1048576.0, 1048576.0, 65536.0, 65536.0, 1048576.0, 1048576.0, 1048576.0, 65536.0, 65536.0, 1048576.0, 1048576.0, 1048576.0, 65536.0, 65536.0, 1048576.0, 1048576.0, 1048576.0, 65536.0, 65536.0, 1048576.0, 1048576.0, 1048576.0, 65536.0, 65536.0, 1048576.0, 1048576.0, 1048576.0, 65536.0, 65536.0, 1048576.0, 1048576.0, 1048576.0, 65536.0, 65536.0, 1048576.0, 1048576.0, 1048576.0, 65536.0, 65536.0, 1048576.0, 1048576.0, 1048576.0, 65536.0, 65536.0, 1048576.0, 1048576.0, 1048576.0, 65536.0, 65536.0, 1048576.0, 1048576.0, 1048576.0, 65536.0, 65536.0, 1048576.0, 1048576.0, 1048576.0, 65536.0, 65536.0, 16777216.0, 67108864.0, 67108864.0]
OFMAP_DRAM=[4096, 4096, 4096, 4096, 4096, 4096, 4096, 4096, 4096, 4096, 4096, 4096, 4096, 4096, 4096, 4096, 4096, 4096, 4096, 4096, 4096, 4096, 4096, 4096, 4096, 4096, 4096, 4096, 4096, 4096, 4096, 4096, 4096, 4096, 4096, 4096, 4096, 4096, 4096, 4096, 4096, 4096, 4096, 4096, 4096, 4096, 4096, 4096, 4096, 4096, 4096, 4096, 4096, 4096, 4096, 4096, 4096, 4096, 4096, 4096, 4096, 4096, 4096, 4096, 4096, 4096, 4096, 4096, 4096, 4096, 4096, 4096, 4096, 4096, 4096, 4096, 4096, 4096, 4096, 4096, 65536, 262144, 65536]
IFMAP_SRAM=[1048576.0, 1048576.0, 1048576.0, 65536.0, 65536.0, 1048576.0, 1048576.0, 1048576.0, 65536.0, 65536.0, 1048576.0, 1048576.0, 1048576.0, 65536.0, 65536.0, 1048576.0, 1048576.0, 1048576.0, 65536.0, 65536.0, 1048576.0, 1048576.0, 1048576.0, 65536.0, 65536.0, 1048576.0, 1048576.0, 1048576.0, 65536.0, 65536.0, 1048576.0, 1048576.0, 1048576.0, 65536.0, 65536.0, 1048576.0, 1048576.0, 1048576.0, 65536.0, 65536.0, 1048576.0, 1048576.0, 1048576.0, 65536.0, 65536.0, 1048576.0, 1048576.0, 1048576.0, 65536.0, 65536.0, 1048576.0, 1048576.0, 1048576.0, 65536.0, 65536.0, 1048576.0, 1048576.0, 1048576.0, 65536.0, 65536.0, 1048576.0, 1048576.0, 1048576.0, 65536.0, 65536.0, 1048576.0, 1048576.0, 1048576.0, 65536.0, 65536.0, 1048576.0, 1048576.0, 1048576.0, 65536.0, 65536.0, 1048576.0, 1048576.0, 1048576.0, 65536.0, 65536.0, 8388608.0, 33554432.0, 33554432.0]
Filter_SRAM=[1048576.0, 1048576.0, 1048576.0, 65536.0, 65536.0, 1048576.0, 1048576.0, 1048576.0, 65536.0, 65536.0, 1048576.0, 1048576.0, 1048576.0, 65536.0, 65536.0, 1048576.0, 1048576.0, 1048576.0, 65536.0, 65536.0, 1048576.0, 1048576.0, 1048576.0, 65536.0, 65536.0, 1048576.0, 1048576.0, 1048576.0, 65536.0, 65536.0, 1048576.0, 1048576.0, 1048576.0, 65536.0, 65536.0, 1048576.0, 1048576.0, 1048576.0, 65536.0, 65536.0, 1048576.0, 1048576.0, 1048576.0, 65536.0, 65536.0, 1048576.0, 1048576.0, 1048576.0, 65536.0, 65536.0, 1048576.0, 1048576.0, 1048576.0, 65536.0, 65536.0, 1048576.0, 1048576.0, 1048576.0, 65536.0, 65536.0, 1048576.0, 1048576.0, 1048576.0, 65536.0, 65536.0, 1048576.0, 1048576.0, 1048576.0, 65536.0, 65536.0, 1048576.0, 1048576.0, 1048576.0, 65536.0, 65536.0, 1048576.0, 1048576.0, 1048576.0, 65536.0, 65536.0, 16777216.0, 67108864.0, 67108864.0]
OFMAP_SRAM=[524288.0, 524288.0, 524288.0, 32768.0, 32768.0, 524288.0, 524288.0, 524288.0, 32768.0, 32768.0, 524288.0, 524288.0, 524288.0, 32768.0, 32768.0, 524288.0, 524288.0, 524288.0, 32768.0, 32768.0, 524288.0, 524288.0, 524288.0, 32768.0, 32768.0, 524288.0, 524288.0, 524288.0, 32768.0, 32768.0, 524288.0, 524288.0, 524288.0, 32768.0, 32768.0, 524288.0, 524288.0, 524288.0, 32768.0, 32768.0, 524288.0, 524288.0, 524288.0, 32768.0, 32768.0, 524288.0, 524288.0, 524288.0, 32768.0, 32768.0, 524288.0, 524288.0, 524288.0, 32768.0, 32768.0, 524288.0, 524288.0, 524288.0, 32768.0, 32768.0, 524288.0, 524288.0, 524288.0, 32768.0, 32768.0, 524288.0, 524288.0, 524288.0, 32768.0, 32768.0, 524288.0, 524288.0, 524288.0, 32768.0, 32768.0, 524288.0, 524288.0, 524288.0, 32768.0, 32768.0, 8388608.0, 33554432.0, 33554432.0]

RT=[281088.0]
DRAMS=[262864896.0]
SRAMS=[433061888.0]
Batch Size:1

Elapsed Time=1:04:17.316144
