
***1x1 REPORT
*Runtime= 603586.0
*DRAM reads= 7523072.0, 22734016.0, 8862568.0
*total DRAM reads= 39119656.0
*SRAM reads= 28263436.0, 22734016.0, 26195072.0
*total SRAM reads= 77192524.0
*Weighted Util:49.6
*Weighted Pod Util:100.0
*Weighted PE ratio:70.42
*Per-layer info:
Runtimes=[24708.0, 3390.0, 15850.0, 6780.0, 6780.0, 15850.0, 6780.0, 6780.0, 15850.0, 6780.0, 2190.0, 8370.0, 4152.0, 4152.0, 8370.0, 4152.0, 4152.0, 8370.0, 4152.0, 4152.0, 8370.0, 4152.0, 3832.0, 14328.0, 7200.0, 7200.0, 14328.0, 7200.0, 7200.0, 14328.0, 7200.0, 7200.0, 14328.0, 7200.0, 7200.0, 14328.0, 7200.0, 7200.0, 14328.0, 7200.0, 10176.0, 40176.0, 19392.0, 19392.0, 40176.0, 19392.0, 19392.0, 40176.0, 19392.0, 32640.0]
IFMAP_DRAM=[150528.0, 200704.0, 200704.0, 200704.0, 802816.0, 200704.0, 200704.0, 802816.0, 200704.0, 200704.0, 215296.0, 100352.0, 100352.0, 401408.0, 100352.0, 100352.0, 401408.0, 100352.0, 100352.0, 401408.0, 100352.0, 100352.0, 115200.0, 50176.0, 50176.0, 200704.0, 50176.0, 50176.0, 200704.0, 50176.0, 50176.0, 200704.0, 50176.0, 50176.0, 200704.0, 50176.0, 50176.0, 200704.0, 50176.0, 50176.0, 65536.0, 25088.0, 25088.0, 100352.0, 25088.0, 25088.0, 100352.0, 25088.0, 25088.0, 2048.0]
Filter_DRAM=[9408.0, 4096.0, 36864.0, 16384.0, 16384.0, 36864.0, 16384.0, 16384.0, 36864.0, 16384.0, 32768.0, 147456.0, 65536.0, 65536.0, 147456.0, 65536.0, 65536.0, 147456.0, 65536.0, 65536.0, 147456.0, 65536.0, 131072.0, 589824.0, 262144.0, 262144.0, 589824.0, 262144.0, 262144.0, 589824.0, 262144.0, 262144.0, 589824.0, 262144.0, 262144.0, 589824.0, 262144.0, 262144.0, 589824.0, 262144.0, 524288.0, 2359296.0, 1048576.0, 1048576.0, 2359296.0, 1048576.0, 1048576.0, 2359296.0, 1048576.0, 2048000.0]
OFMAP_DRAM=[774400.0, 200704.0, 186624.0, 802816.0, 200704.0, 186624.0, 802816.0, 200704.0, 186624.0, 802816.0, 107648.0, 86528.0, 401408.0, 100352.0, 86528.0, 401408.0, 100352.0, 86528.0, 401408.0, 100352.0, 86528.0, 401408.0, 57600.0, 36864.0, 200704.0, 50176.0, 36864.0, 200704.0, 50176.0, 36864.0, 200704.0, 50176.0, 36864.0, 200704.0, 50176.0, 36864.0, 200704.0, 50176.0, 36864.0, 200704.0, 32768.0, 12800.0, 100352.0, 25088.0, 12800.0, 100352.0, 25088.0, 12800.0, 100352.0, 1000.0]
IFMAP_SRAM=[1778700.0, 200704.0, 1679616.0, 401408.0, 802816.0, 1679616.0, 401408.0, 802816.0, 1679616.0, 401408.0, 215296.0, 778752.0, 401408.0, 401408.0, 778752.0, 401408.0, 401408.0, 778752.0, 401408.0, 401408.0, 778752.0, 401408.0, 230400.0, 663552.0, 401408.0, 401408.0, 663552.0, 401408.0, 401408.0, 663552.0, 401408.0, 401408.0, 663552.0, 401408.0, 401408.0, 663552.0, 401408.0, 401408.0, 663552.0, 401408.0, 262144.0, 460800.0, 401408.0, 401408.0, 460800.0, 401408.0, 401408.0, 460800.0, 401408.0, 16384.0]
Filter_SRAM=[9408.0, 4096.0, 36864.0, 16384.0, 16384.0, 36864.0, 16384.0, 16384.0, 36864.0, 16384.0, 32768.0, 147456.0, 65536.0, 65536.0, 147456.0, 65536.0, 65536.0, 147456.0, 65536.0, 65536.0, 147456.0, 65536.0, 131072.0, 589824.0, 262144.0, 262144.0, 589824.0, 262144.0, 262144.0, 589824.0, 262144.0, 262144.0, 589824.0, 262144.0, 262144.0, 589824.0, 262144.0, 262144.0, 589824.0, 262144.0, 524288.0, 2359296.0, 1048576.0, 1048576.0, 2359296.0, 1048576.0, 1048576.0, 2359296.0, 1048576.0, 2048000.0]
OFMAP_SRAM=[1548800.0, 200704.0, 933120.0, 802816.0, 401408.0, 933120.0, 802816.0, 401408.0, 933120.0, 802816.0, 215296.0, 778752.0, 401408.0, 401408.0, 778752.0, 401408.0, 401408.0, 778752.0, 401408.0, 401408.0, 778752.0, 401408.0, 230400.0, 663552.0, 401408.0, 401408.0, 663552.0, 401408.0, 401408.0, 663552.0, 401408.0, 401408.0, 663552.0, 401408.0, 401408.0, 663552.0, 401408.0, 401408.0, 663552.0, 401408.0, 262144.0, 460800.0, 401408.0, 401408.0, 460800.0, 401408.0, 401408.0, 460800.0, 401408.0, 16000.0]

RT=[603586.0]
DRAMS=[39119656.0]
SRAMS=[77192524.0]
Batch Size:1

Elapsed Time=0:04:00.956870
