
***8x8 REPORT
*Runtime= 565234.0
*DRAM reads= 66752792.0, 155215240.0, 8862568.0
*total DRAM reads= 230830600.0
*SRAM reads= 226107368.0, 155215240.0, 192237960.0
*total SRAM reads= 573560568.0
*Weighted Util:48.84
*Weighted Pod Util:90.39
*Weighted PE ratio:70.1
*Per-layer info:
Runtimes=[15430.0, 1688.0, 14220.0, 3376.0, 6752.0, 14220.0, 3376.0, 6752.0, 14220.0, 3376.0, 2176.0, 8280.0, 4096.0, 4096.0, 8280.0, 4096.0, 4096.0, 8280.0, 4096.0, 4096.0, 8280.0, 4096.0, 3776.0, 13824.0, 7040.0, 7040.0, 13824.0, 7040.0, 7040.0, 13824.0, 7040.0, 7040.0, 13824.0, 7040.0, 7040.0, 13824.0, 7040.0, 7040.0, 13824.0, 7040.0, 9728.0, 39168.0, 18944.0, 18944.0, 39168.0, 18944.0, 18944.0, 39168.0, 18944.0, 31744.0]
IFMAP_DRAM=[1394064.0, 1605632.0, 2014208.0, 1605632.0, 6422528.0, 2014208.0, 1605632.0, 6422528.0, 2014208.0, 1605632.0, 1722368.0, 1218560.0, 802816.0, 3211264.0, 1218560.0, 802816.0, 3211264.0, 1218560.0, 802816.0, 3211264.0, 1218560.0, 802816.0, 921600.0, 819200.0, 401408.0, 1605632.0, 819200.0, 401408.0, 1605632.0, 819200.0, 401408.0, 1605632.0, 819200.0, 401408.0, 1605632.0, 819200.0, 401408.0, 1605632.0, 819200.0, 401408.0, 524288.0, 528376.0, 200696.0, 802808.0, 528376.0, 200696.0, 802808.0, 528376.0, 200696.0, 16328.0]
Filter_DRAM=[75264.0, 32768.0, 294912.0, 131072.0, 131072.0, 294912.0, 131072.0, 131072.0, 294912.0, 131072.0, 262144.0, 1179648.0, 524288.0, 524288.0, 1179648.0, 524288.0, 524288.0, 1179648.0, 524288.0, 524288.0, 1179648.0, 524288.0, 1048576.0, 4718592.0, 2097152.0, 2097152.0, 4718592.0, 2097152.0, 2097152.0, 4718592.0, 2097152.0, 2097152.0, 4718592.0, 2097152.0, 2097152.0, 4718592.0, 2097152.0, 2097152.0, 4718592.0, 2097152.0, 4194304.0, 16515064.0, 7340024.0, 7340024.0, 16515064.0, 7340024.0, 7340024.0, 16515064.0, 7340024.0, 2047944.0]
OFMAP_DRAM=[774400.0, 200704.0, 186624.0, 802816.0, 200704.0, 186624.0, 802816.0, 200704.0, 186624.0, 802816.0, 107648.0, 86528.0, 401408.0, 100352.0, 86528.0, 401408.0, 100352.0, 86528.0, 401408.0, 100352.0, 86528.0, 401408.0, 57600.0, 36864.0, 200704.0, 50176.0, 36864.0, 200704.0, 50176.0, 36864.0, 200704.0, 50176.0, 36864.0, 200704.0, 50176.0, 36864.0, 200704.0, 50176.0, 36864.0, 200704.0, 32768.0, 12800.0, 100352.0, 25088.0, 12800.0, 100352.0, 25088.0, 12800.0, 100352.0, 1000.0]
IFMAP_SRAM=[14229600.0, 1605632.0, 13436928.0, 3211264.0, 6422528.0, 13436928.0, 3211264.0, 6422528.0, 13436928.0, 3211264.0, 1722368.0, 6230016.0, 3211264.0, 3211264.0, 6230016.0, 3211264.0, 3211264.0, 6230016.0, 3211264.0, 3211264.0, 6230016.0, 3211264.0, 1843200.0, 5308416.0, 3211264.0, 3211264.0, 5308416.0, 3211264.0, 3211264.0, 5308416.0, 3211264.0, 3211264.0, 5308416.0, 3211264.0, 3211264.0, 5308416.0, 3211264.0, 3211264.0, 5308416.0, 3211264.0, 2097152.0, 3686392.0, 3211256.0, 3211256.0, 3686392.0, 3211256.0, 3211256.0, 3686392.0, 3211256.0, 131016.0]
Filter_SRAM=[75264.0, 32768.0, 294912.0, 131072.0, 131072.0, 294912.0, 131072.0, 131072.0, 294912.0, 131072.0, 262144.0, 1179648.0, 524288.0, 524288.0, 1179648.0, 524288.0, 524288.0, 1179648.0, 524288.0, 524288.0, 1179648.0, 524288.0, 1048576.0, 4718592.0, 2097152.0, 2097152.0, 4718592.0, 2097152.0, 2097152.0, 4718592.0, 2097152.0, 2097152.0, 4718592.0, 2097152.0, 2097152.0, 4718592.0, 2097152.0, 2097152.0, 4718592.0, 2097152.0, 4194304.0, 16515064.0, 7340024.0, 7340024.0, 16515064.0, 7340024.0, 7340024.0, 16515064.0, 7340024.0, 2047944.0]
OFMAP_SRAM=[7744000.0, 802816.0, 6718464.0, 3211264.0, 3211264.0, 6718464.0, 3211264.0, 3211264.0, 6718464.0, 3211264.0, 1722368.0, 6230016.0, 3211264.0, 3211264.0, 6230016.0, 3211264.0, 3211264.0, 6230016.0, 3211264.0, 3211264.0, 6230016.0, 3211264.0, 1843200.0, 5308416.0, 3211264.0, 3211264.0, 5308416.0, 3211264.0, 3211264.0, 5308416.0, 3211264.0, 3211264.0, 5308416.0, 3211264.0, 3211264.0, 5308416.0, 3211264.0, 3211264.0, 5308416.0, 3211264.0, 2097152.0, 3686392.0, 3211256.0, 3211256.0, 3686392.0, 3211256.0, 3211256.0, 3686392.0, 3211256.0, 127944.0]

RT=[565234.0]
DRAMS=[230830600.0]
SRAMS=[573560568.0]
Batch Size:1

Elapsed Time=0:18:35.725539
