
***4x4 REPORT
*Runtime= 571969.0
*DRAM reads= 31544932.0, 84792052.0, 8862568.0
*total DRAM reads= 125199552.0
*SRAM reads= 113053732.0, 84792052.0, 96119028.0
*total SRAM reads= 293964812.0
*Weighted Util:48.77
*Weighted Pod Util:95.77
*Weighted PE ratio:69.46
*Per-layer info:
Runtimes=[15435.0, 1692.0, 14238.0, 3384.0, 6768.0, 14238.0, 3384.0, 6768.0, 14238.0, 3384.0, 2184.0, 8316.0, 4128.0, 4128.0, 8316.0, 4128.0, 4128.0, 8316.0, 4128.0, 4128.0, 8316.0, 4128.0, 3808.0, 14112.0, 7104.0, 7104.0, 14112.0, 7104.0, 7104.0, 14112.0, 7104.0, 7104.0, 14112.0, 7104.0, 7104.0, 14112.0, 7104.0, 7104.0, 14112.0, 7104.0, 9984.0, 39744.0, 19200.0, 19200.0, 39744.0, 19200.0, 19200.0, 39744.0, 19200.0, 32256.0]
IFMAP_DRAM=[642672.0, 802816.0, 889856.0, 802816.0, 3211264.0, 889856.0, 802816.0, 3211264.0, 889856.0, 802816.0, 861184.0, 489472.0, 401408.0, 1605632.0, 489472.0, 401408.0, 1605632.0, 489472.0, 401408.0, 1605632.0, 489472.0, 401408.0, 460800.0, 286720.0, 200704.0, 802816.0, 286720.0, 200704.0, 802816.0, 286720.0, 200704.0, 802816.0, 286720.0, 200704.0, 802816.0, 286720.0, 200704.0, 802816.0, 286720.0, 200704.0, 262144.0, 194560.0, 100352.0, 401408.0, 194560.0, 100352.0, 401408.0, 194560.0, 100352.0, 8180.0]
Filter_DRAM=[37632.0, 16384.0, 147456.0, 65536.0, 65536.0, 147456.0, 65536.0, 65536.0, 147456.0, 65536.0, 131072.0, 589824.0, 262144.0, 262144.0, 589824.0, 262144.0, 262144.0, 589824.0, 262144.0, 262144.0, 589824.0, 262144.0, 524288.0, 2359296.0, 1048576.0, 1048576.0, 2359296.0, 1048576.0, 1048576.0, 2359296.0, 1048576.0, 1048576.0, 2359296.0, 1048576.0, 1048576.0, 2359296.0, 1048576.0, 1048576.0, 2359296.0, 1048576.0, 2097152.0, 9437184.0, 4194304.0, 4194304.0, 9437184.0, 4194304.0, 4194304.0, 9437184.0, 4194304.0, 2047988.0]
OFMAP_DRAM=[774400.0, 200704.0, 186624.0, 802816.0, 200704.0, 186624.0, 802816.0, 200704.0, 186624.0, 802816.0, 107648.0, 86528.0, 401408.0, 100352.0, 86528.0, 401408.0, 100352.0, 86528.0, 401408.0, 100352.0, 86528.0, 401408.0, 57600.0, 36864.0, 200704.0, 50176.0, 36864.0, 200704.0, 50176.0, 36864.0, 200704.0, 50176.0, 36864.0, 200704.0, 50176.0, 36864.0, 200704.0, 50176.0, 36864.0, 200704.0, 32768.0, 12800.0, 100352.0, 25088.0, 12800.0, 100352.0, 25088.0, 12800.0, 100352.0, 1000.0]
IFMAP_SRAM=[7114800.0, 802816.0, 6718464.0, 1605632.0, 3211264.0, 6718464.0, 1605632.0, 3211264.0, 6718464.0, 1605632.0, 861184.0, 3115008.0, 1605632.0, 1605632.0, 3115008.0, 1605632.0, 1605632.0, 3115008.0, 1605632.0, 1605632.0, 3115008.0, 1605632.0, 921600.0, 2654208.0, 1605632.0, 1605632.0, 2654208.0, 1605632.0, 1605632.0, 2654208.0, 1605632.0, 1605632.0, 2654208.0, 1605632.0, 1605632.0, 2654208.0, 1605632.0, 1605632.0, 2654208.0, 1605632.0, 1048576.0, 1843200.0, 1605632.0, 1605632.0, 1843200.0, 1605632.0, 1605632.0, 1843200.0, 1605632.0, 65524.0]
Filter_SRAM=[37632.0, 16384.0, 147456.0, 65536.0, 65536.0, 147456.0, 65536.0, 65536.0, 147456.0, 65536.0, 131072.0, 589824.0, 262144.0, 262144.0, 589824.0, 262144.0, 262144.0, 589824.0, 262144.0, 262144.0, 589824.0, 262144.0, 524288.0, 2359296.0, 1048576.0, 1048576.0, 2359296.0, 1048576.0, 1048576.0, 2359296.0, 1048576.0, 1048576.0, 2359296.0, 1048576.0, 1048576.0, 2359296.0, 1048576.0, 1048576.0, 2359296.0, 1048576.0, 2097152.0, 9437184.0, 4194304.0, 4194304.0, 9437184.0, 4194304.0, 4194304.0, 9437184.0, 4194304.0, 2047988.0]
OFMAP_SRAM=[3872000.0, 401408.0, 3359232.0, 1605632.0, 1605632.0, 3359232.0, 1605632.0, 1605632.0, 3359232.0, 1605632.0, 861184.0, 3115008.0, 1605632.0, 1605632.0, 3115008.0, 1605632.0, 1605632.0, 3115008.0, 1605632.0, 1605632.0, 3115008.0, 1605632.0, 921600.0, 2654208.0, 1605632.0, 1605632.0, 2654208.0, 1605632.0, 1605632.0, 2654208.0, 1605632.0, 1605632.0, 2654208.0, 1605632.0, 1605632.0, 2654208.0, 1605632.0, 1605632.0, 2654208.0, 1605632.0, 1048576.0, 1843200.0, 1605632.0, 1605632.0, 1843200.0, 1605632.0, 1605632.0, 1843200.0, 1605632.0, 63988.0]

RT=[571969.0]
DRAMS=[125199552.0]
SRAMS=[293964812.0]
Batch Size:1

Elapsed Time=0:08:21.469617
