
***32x32 REPORT
*Runtime= 512069.0
*DRAM reads= 322944192.0, 554615936.0, 8862568.0
*total DRAM reads= 886422696.0
*SRAM reads= 904412672.0, 554615936.0, 766624128.0
*total SRAM reads= 2225652736.0
*Weighted Util:50.5
*Weighted Pod Util:83.5
*Weighted PE ratio:73.67
*Per-layer info:
Runtimes=[14245.0, 1664.0, 14112.0, 3328.0, 6656.0, 14112.0, 3328.0, 6656.0, 14112.0, 3328.0, 2112.0, 8064.0, 3968.0, 3968.0, 8064.0, 3968.0, 3968.0, 8064.0, 3968.0, 3968.0, 8064.0, 3968.0, 3584.0, 12672.0, 6656.0, 6656.0, 12672.0, 6656.0, 6656.0, 12672.0, 6656.0, 6656.0, 12672.0, 6656.0, 6656.0, 12672.0, 6656.0, 6656.0, 12672.0, 6656.0, 8192.0, 32256.0, 16384.0, 16384.0, 32256.0, 16384.0, 16384.0, 32256.0, 16384.0, 28672.0]
IFMAP_DRAM=[8179776.0, 6422528.0, 13656064.0, 6422528.0, 25690112.0, 13656064.0, 6422528.0, 25690112.0, 13656064.0, 6422528.0, 6889472.0, 9633760.0, 3211264.0, 12845056.0, 9633760.0, 3211264.0, 12845056.0, 9633760.0, 3211264.0, 12845056.0, 9633760.0, 3211264.0, 3686304.0, 5406624.0, 1605504.0, 6422400.0, 5406624.0, 1605504.0, 6422400.0, 5406624.0, 1605504.0, 6422400.0, 5406624.0, 1605504.0, 6422400.0, 5406624.0, 1605504.0, 6422400.0, 5406624.0, 1605504.0, 2097152.0, 3686176.0, 802592.0, 3211040.0, 3686176.0, 802592.0, 3211040.0, 3686176.0, 802592.0, 64544.0]
Filter_DRAM=[301056.0, 131072.0, 1179648.0, 524288.0, 524288.0, 1179648.0, 524288.0, 524288.0, 1179648.0, 524288.0, 1048576.0, 4571104.0, 2097152.0, 2097152.0, 4571104.0, 2097152.0, 2097152.0, 4571104.0, 2097152.0, 2097152.0, 4571104.0, 2097152.0, 3800992.0, 17104800.0, 7339904.0, 7339904.0, 17104800.0, 7339904.0, 7339904.0, 17104800.0, 7339904.0, 7339904.0, 17104800.0, 7339904.0, 7339904.0, 17104800.0, 7339904.0, 7339904.0, 17104800.0, 7339904.0, 16777216.0, 58982176.0, 26214176.0, 26214176.0, 58982176.0, 26214176.0, 26214176.0, 58982176.0, 26214176.0, 2047008.0]
OFMAP_DRAM=[774400.0, 200704.0, 186624.0, 802816.0, 200704.0, 186624.0, 802816.0, 200704.0, 186624.0, 802816.0, 107648.0, 86528.0, 401408.0, 100352.0, 86528.0, 401408.0, 100352.0, 86528.0, 401408.0, 100352.0, 86528.0, 401408.0, 57600.0, 36864.0, 200704.0, 50176.0, 36864.0, 200704.0, 50176.0, 36864.0, 200704.0, 50176.0, 36864.0, 200704.0, 50176.0, 36864.0, 200704.0, 50176.0, 36864.0, 200704.0, 32768.0, 12800.0, 100352.0, 25088.0, 12800.0, 100352.0, 25088.0, 12800.0, 100352.0, 1000.0]
IFMAP_SRAM=[56918400.0, 6422528.0, 53747712.0, 12845056.0, 25690112.0, 53747712.0, 12845056.0, 25690112.0, 53747712.0, 12845056.0, 6889472.0, 24920032.0, 12845056.0, 12845056.0, 24920032.0, 12845056.0, 12845056.0, 24920032.0, 12845056.0, 12845056.0, 24920032.0, 12845056.0, 7372704.0, 21233568.0, 12844928.0, 12844928.0, 21233568.0, 12844928.0, 12844928.0, 21233568.0, 12844928.0, 12844928.0, 21233568.0, 12844928.0, 12844928.0, 21233568.0, 12844928.0, 12844928.0, 21233568.0, 12844928.0, 8388608.0, 14745376.0, 12844832.0, 12844832.0, 14745376.0, 12844832.0, 12844832.0, 14745376.0, 12844832.0, 511008.0]
Filter_SRAM=[301056.0, 131072.0, 1179648.0, 524288.0, 524288.0, 1179648.0, 524288.0, 524288.0, 1179648.0, 524288.0, 1048576.0, 4571104.0, 2097152.0, 2097152.0, 4571104.0, 2097152.0, 2097152.0, 4571104.0, 2097152.0, 2097152.0, 4571104.0, 2097152.0, 3800992.0, 17104800.0, 7339904.0, 7339904.0, 17104800.0, 7339904.0, 7339904.0, 17104800.0, 7339904.0, 7339904.0, 17104800.0, 7339904.0, 7339904.0, 17104800.0, 7339904.0, 7339904.0, 17104800.0, 7339904.0, 16777216.0, 58982176.0, 26214176.0, 26214176.0, 58982176.0, 26214176.0, 26214176.0, 58982176.0, 26214176.0, 2047008.0]
OFMAP_SRAM=[28652800.0, 3211264.0, 26873856.0, 12845056.0, 12845056.0, 26873856.0, 12845056.0, 12845056.0, 26873856.0, 12845056.0, 6889472.0, 24920032.0, 12845056.0, 12845056.0, 24920032.0, 12845056.0, 12845056.0, 24920032.0, 12845056.0, 12845056.0, 24920032.0, 12845056.0, 7372704.0, 21233568.0, 12844928.0, 12844928.0, 21233568.0, 12844928.0, 12844928.0, 21233568.0, 12844928.0, 12844928.0, 21233568.0, 12844928.0, 12844928.0, 21233568.0, 12844928.0, 12844928.0, 21233568.0, 12844928.0, 8388608.0, 14745376.0, 12844832.0, 12844832.0, 14745376.0, 12844832.0, 12844832.0, 14745376.0, 12844832.0, 511008.0]

RT=[512069.0]
DRAMS=[886422696.0]
SRAMS=[2225652736.0]
Batch Size:1

Elapsed Time=2:05:29.301938
