
***8x8 REPORT
*Runtime= 627440.0
*DRAM reads= 187557888.0, 161300480.0, 3123456
*total DRAM reads= 351981824.0
*SRAM reads= 285902848.0, 161300480.0, 247179520.0
*total SRAM reads= 694382848.0
*Weighted Util:66.12
*Weighted Pod Util:100.0
*Weighted PE ratio:72.46
*Per-layer info:
Runtimes=[4400.0, 4400.0, 4400.0, 550.0, 715.0, 4400.0, 4400.0, 4400.0, 550.0, 715.0, 4400.0, 4400.0, 4400.0, 550.0, 715.0, 4400.0, 4400.0, 4400.0, 550.0, 715.0, 4400.0, 4400.0, 4400.0, 550.0, 715.0, 4400.0, 4400.0, 4400.0, 550.0, 715.0, 4400.0, 4400.0, 4400.0, 550.0, 715.0, 4400.0, 4400.0, 4400.0, 550.0, 715.0, 4400.0, 4400.0, 4400.0, 550.0, 715.0, 4400.0, 4400.0, 4400.0, 550.0, 715.0, 4400.0, 4400.0, 4400.0, 550.0, 715.0, 4400.0, 4400.0, 4400.0, 550.0, 715.0, 4400.0, 4400.0, 4400.0, 550.0, 715.0, 4400.0, 4400.0, 4400.0, 550.0, 715.0, 4400.0, 4400.0, 4400.0, 550.0, 715.0, 4400.0, 4400.0, 4400.0, 550.0, 715.0, 44000.0, 176000.0, 176000.0]
IFMAP_DRAM=[2007040.0, 2007040.0, 2007040.0, 125440.0, 307328.0, 2007040.0, 2007040.0, 2007040.0, 125440.0, 307328.0, 2007040.0, 2007040.0, 2007040.0, 125440.0, 307328.0, 2007040.0, 2007040.0, 2007040.0, 125440.0, 307328.0, 2007040.0, 2007040.0, 2007040.0, 125440.0, 307328.0, 2007040.0, 2007040.0, 2007040.0, 125440.0, 307328.0, 2007040.0, 2007040.0, 2007040.0, 125440.0, 307328.0, 2007040.0, 2007040.0, 2007040.0, 125440.0, 307328.0, 2007040.0, 2007040.0, 2007040.0, 125440.0, 307328.0, 2007040.0, 2007040.0, 2007040.0, 125440.0, 307328.0, 2007040.0, 2007040.0, 2007040.0, 125440.0, 307328.0, 2007040.0, 2007040.0, 2007040.0, 125440.0, 307328.0, 2007040.0, 2007040.0, 2007040.0, 125440.0, 307328.0, 2007040.0, 2007040.0, 2007040.0, 125440.0, 307328.0, 2007040.0, 2007040.0, 2007040.0, 125440.0, 307328.0, 2007040.0, 2007040.0, 2007040.0, 125440.0, 307328.0, 2007040.0, 2007040.0, 80281600.0]
Filter_DRAM=[819200.0, 819200.0, 819200.0, 125440.0, 125440.0, 819200.0, 819200.0, 819200.0, 125440.0, 125440.0, 819200.0, 819200.0, 819200.0, 125440.0, 125440.0, 819200.0, 819200.0, 819200.0, 125440.0, 125440.0, 819200.0, 819200.0, 819200.0, 125440.0, 125440.0, 819200.0, 819200.0, 819200.0, 125440.0, 125440.0, 819200.0, 819200.0, 819200.0, 125440.0, 125440.0, 819200.0, 819200.0, 819200.0, 125440.0, 125440.0, 819200.0, 819200.0, 819200.0, 125440.0, 125440.0, 819200.0, 819200.0, 819200.0, 125440.0, 125440.0, 819200.0, 819200.0, 819200.0, 125440.0, 125440.0, 819200.0, 819200.0, 819200.0, 125440.0, 125440.0, 819200.0, 819200.0, 819200.0, 125440.0, 125440.0, 819200.0, 819200.0, 819200.0, 125440.0, 125440.0, 819200.0, 819200.0, 819200.0, 125440.0, 125440.0, 819200.0, 819200.0, 819200.0, 125440.0, 125440.0, 13107200.0, 52428800.0, 52428800.0]
OFMAP_DRAM=[15680, 15680, 15680, 38416, 15680, 15680, 15680, 15680, 38416, 15680, 15680, 15680, 15680, 38416, 15680, 15680, 15680, 15680, 38416, 15680, 15680, 15680, 15680, 38416, 15680, 15680, 15680, 15680, 38416, 15680, 15680, 15680, 15680, 38416, 15680, 15680, 15680, 15680, 38416, 15680, 15680, 15680, 15680, 38416, 15680, 15680, 15680, 15680, 38416, 15680, 15680, 15680, 15680, 38416, 15680, 15680, 15680, 15680, 38416, 15680, 15680, 15680, 15680, 38416, 15680, 15680, 15680, 15680, 38416, 15680, 15680, 15680, 15680, 38416, 15680, 15680, 15680, 15680, 38416, 15680, 250880, 1003520, 250880]
IFMAP_SRAM=[2007040.0, 2007040.0, 2007040.0, 250880.0, 307328.0, 2007040.0, 2007040.0, 2007040.0, 250880.0, 307328.0, 2007040.0, 2007040.0, 2007040.0, 250880.0, 307328.0, 2007040.0, 2007040.0, 2007040.0, 250880.0, 307328.0, 2007040.0, 2007040.0, 2007040.0, 250880.0, 307328.0, 2007040.0, 2007040.0, 2007040.0, 250880.0, 307328.0, 2007040.0, 2007040.0, 2007040.0, 250880.0, 307328.0, 2007040.0, 2007040.0, 2007040.0, 250880.0, 307328.0, 2007040.0, 2007040.0, 2007040.0, 250880.0, 307328.0, 2007040.0, 2007040.0, 2007040.0, 250880.0, 307328.0, 2007040.0, 2007040.0, 2007040.0, 250880.0, 307328.0, 2007040.0, 2007040.0, 2007040.0, 250880.0, 307328.0, 2007040.0, 2007040.0, 2007040.0, 250880.0, 307328.0, 2007040.0, 2007040.0, 2007040.0, 250880.0, 307328.0, 2007040.0, 2007040.0, 2007040.0, 250880.0, 307328.0, 2007040.0, 2007040.0, 2007040.0, 250880.0, 307328.0, 20070400.0, 80281600.0, 80281600.0]
Filter_SRAM=[819200.0, 819200.0, 819200.0, 125440.0, 125440.0, 819200.0, 819200.0, 819200.0, 125440.0, 125440.0, 819200.0, 819200.0, 819200.0, 125440.0, 125440.0, 819200.0, 819200.0, 819200.0, 125440.0, 125440.0, 819200.0, 819200.0, 819200.0, 125440.0, 125440.0, 819200.0, 819200.0, 819200.0, 125440.0, 125440.0, 819200.0, 819200.0, 819200.0, 125440.0, 125440.0, 819200.0, 819200.0, 819200.0, 125440.0, 125440.0, 819200.0, 819200.0, 819200.0, 125440.0, 125440.0, 819200.0, 819200.0, 819200.0, 125440.0, 125440.0, 819200.0, 819200.0, 819200.0, 125440.0, 125440.0, 819200.0, 819200.0, 819200.0, 125440.0, 125440.0, 819200.0, 819200.0, 819200.0, 125440.0, 125440.0, 819200.0, 819200.0, 819200.0, 125440.0, 125440.0, 819200.0, 819200.0, 819200.0, 125440.0, 125440.0, 819200.0, 819200.0, 819200.0, 125440.0, 125440.0, 13107200.0, 52428800.0, 52428800.0]
OFMAP_SRAM=[1254400.0, 1254400.0, 1254400.0, 192080.0, 203840.0, 1254400.0, 1254400.0, 1254400.0, 192080.0, 203840.0, 1254400.0, 1254400.0, 1254400.0, 192080.0, 203840.0, 1254400.0, 1254400.0, 1254400.0, 192080.0, 203840.0, 1254400.0, 1254400.0, 1254400.0, 192080.0, 203840.0, 1254400.0, 1254400.0, 1254400.0, 192080.0, 203840.0, 1254400.0, 1254400.0, 1254400.0, 192080.0, 203840.0, 1254400.0, 1254400.0, 1254400.0, 192080.0, 203840.0, 1254400.0, 1254400.0, 1254400.0, 192080.0, 203840.0, 1254400.0, 1254400.0, 1254400.0, 192080.0, 203840.0, 1254400.0, 1254400.0, 1254400.0, 192080.0, 203840.0, 1254400.0, 1254400.0, 1254400.0, 192080.0, 203840.0, 1254400.0, 1254400.0, 1254400.0, 192080.0, 203840.0, 1254400.0, 1254400.0, 1254400.0, 192080.0, 203840.0, 1254400.0, 1254400.0, 1254400.0, 192080.0, 203840.0, 1254400.0, 1254400.0, 1254400.0, 192080.0, 203840.0, 20070400.0, 80281600.0, 80281600.0]

RT=[627440.0]
DRAMS=[351981824.0]
SRAMS=[694382848.0]
Batch Size:1

Elapsed Time=0:45:21.820642
