
***4x4 REPORT
*Runtime= 635808.0
*DRAM reads= 93778944.0, 80650240.0, 3123456
*total DRAM reads= 177552640.0
*SRAM reads= 142951424.0, 80650240.0, 124022528.0
*total SRAM reads= 347624192.0
*Weighted Util:66.08
*Weighted Pod Util:100.0
*Weighted PE ratio:72.07
*Per-layer info:
Runtimes=[4440.0, 4440.0, 4440.0, 666.0, 777.0, 4440.0, 4440.0, 4440.0, 666.0, 777.0, 4440.0, 4440.0, 4440.0, 666.0, 777.0, 4440.0, 4440.0, 4440.0, 666.0, 777.0, 4440.0, 4440.0, 4440.0, 666.0, 777.0, 4440.0, 4440.0, 4440.0, 666.0, 777.0, 4440.0, 4440.0, 4440.0, 666.0, 777.0, 4440.0, 4440.0, 4440.0, 666.0, 777.0, 4440.0, 4440.0, 4440.0, 666.0, 777.0, 4440.0, 4440.0, 4440.0, 666.0, 777.0, 4440.0, 4440.0, 4440.0, 666.0, 777.0, 4440.0, 4440.0, 4440.0, 666.0, 777.0, 4440.0, 4440.0, 4440.0, 666.0, 777.0, 4440.0, 4440.0, 4440.0, 666.0, 777.0, 4440.0, 4440.0, 4440.0, 666.0, 777.0, 4440.0, 4440.0, 4440.0, 666.0, 777.0, 44400.0, 177600.0, 177600.0]
IFMAP_DRAM=[1003520.0, 1003520.0, 1003520.0, 62720.0, 153664.0, 1003520.0, 1003520.0, 1003520.0, 62720.0, 153664.0, 1003520.0, 1003520.0, 1003520.0, 62720.0, 153664.0, 1003520.0, 1003520.0, 1003520.0, 62720.0, 153664.0, 1003520.0, 1003520.0, 1003520.0, 62720.0, 153664.0, 1003520.0, 1003520.0, 1003520.0, 62720.0, 153664.0, 1003520.0, 1003520.0, 1003520.0, 62720.0, 153664.0, 1003520.0, 1003520.0, 1003520.0, 62720.0, 153664.0, 1003520.0, 1003520.0, 1003520.0, 62720.0, 153664.0, 1003520.0, 1003520.0, 1003520.0, 62720.0, 153664.0, 1003520.0, 1003520.0, 1003520.0, 62720.0, 153664.0, 1003520.0, 1003520.0, 1003520.0, 62720.0, 153664.0, 1003520.0, 1003520.0, 1003520.0, 62720.0, 153664.0, 1003520.0, 1003520.0, 1003520.0, 62720.0, 153664.0, 1003520.0, 1003520.0, 1003520.0, 62720.0, 153664.0, 1003520.0, 1003520.0, 1003520.0, 62720.0, 153664.0, 1003520.0, 1003520.0, 40140800.0]
Filter_DRAM=[409600.0, 409600.0, 409600.0, 62720.0, 62720.0, 409600.0, 409600.0, 409600.0, 62720.0, 62720.0, 409600.0, 409600.0, 409600.0, 62720.0, 62720.0, 409600.0, 409600.0, 409600.0, 62720.0, 62720.0, 409600.0, 409600.0, 409600.0, 62720.0, 62720.0, 409600.0, 409600.0, 409600.0, 62720.0, 62720.0, 409600.0, 409600.0, 409600.0, 62720.0, 62720.0, 409600.0, 409600.0, 409600.0, 62720.0, 62720.0, 409600.0, 409600.0, 409600.0, 62720.0, 62720.0, 409600.0, 409600.0, 409600.0, 62720.0, 62720.0, 409600.0, 409600.0, 409600.0, 62720.0, 62720.0, 409600.0, 409600.0, 409600.0, 62720.0, 62720.0, 409600.0, 409600.0, 409600.0, 62720.0, 62720.0, 409600.0, 409600.0, 409600.0, 62720.0, 62720.0, 409600.0, 409600.0, 409600.0, 62720.0, 62720.0, 409600.0, 409600.0, 409600.0, 62720.0, 62720.0, 6553600.0, 26214400.0, 26214400.0]
OFMAP_DRAM=[15680, 15680, 15680, 38416, 15680, 15680, 15680, 15680, 38416, 15680, 15680, 15680, 15680, 38416, 15680, 15680, 15680, 15680, 38416, 15680, 15680, 15680, 15680, 38416, 15680, 15680, 15680, 15680, 38416, 15680, 15680, 15680, 15680, 38416, 15680, 15680, 15680, 15680, 38416, 15680, 15680, 15680, 15680, 38416, 15680, 15680, 15680, 15680, 38416, 15680, 15680, 15680, 15680, 38416, 15680, 15680, 15680, 15680, 38416, 15680, 15680, 15680, 15680, 38416, 15680, 15680, 15680, 15680, 38416, 15680, 15680, 15680, 15680, 38416, 15680, 15680, 15680, 15680, 38416, 15680, 250880, 1003520, 250880]
IFMAP_SRAM=[1003520.0, 1003520.0, 1003520.0, 125440.0, 153664.0, 1003520.0, 1003520.0, 1003520.0, 125440.0, 153664.0, 1003520.0, 1003520.0, 1003520.0, 125440.0, 153664.0, 1003520.0, 1003520.0, 1003520.0, 125440.0, 153664.0, 1003520.0, 1003520.0, 1003520.0, 125440.0, 153664.0, 1003520.0, 1003520.0, 1003520.0, 125440.0, 153664.0, 1003520.0, 1003520.0, 1003520.0, 125440.0, 153664.0, 1003520.0, 1003520.0, 1003520.0, 125440.0, 153664.0, 1003520.0, 1003520.0, 1003520.0, 125440.0, 153664.0, 1003520.0, 1003520.0, 1003520.0, 125440.0, 153664.0, 1003520.0, 1003520.0, 1003520.0, 125440.0, 153664.0, 1003520.0, 1003520.0, 1003520.0, 125440.0, 153664.0, 1003520.0, 1003520.0, 1003520.0, 125440.0, 153664.0, 1003520.0, 1003520.0, 1003520.0, 125440.0, 153664.0, 1003520.0, 1003520.0, 1003520.0, 125440.0, 153664.0, 1003520.0, 1003520.0, 1003520.0, 125440.0, 153664.0, 10035200.0, 40140800.0, 40140800.0]
Filter_SRAM=[409600.0, 409600.0, 409600.0, 62720.0, 62720.0, 409600.0, 409600.0, 409600.0, 62720.0, 62720.0, 409600.0, 409600.0, 409600.0, 62720.0, 62720.0, 409600.0, 409600.0, 409600.0, 62720.0, 62720.0, 409600.0, 409600.0, 409600.0, 62720.0, 62720.0, 409600.0, 409600.0, 409600.0, 62720.0, 62720.0, 409600.0, 409600.0, 409600.0, 62720.0, 62720.0, 409600.0, 409600.0, 409600.0, 62720.0, 62720.0, 409600.0, 409600.0, 409600.0, 62720.0, 62720.0, 409600.0, 409600.0, 409600.0, 62720.0, 62720.0, 409600.0, 409600.0, 409600.0, 62720.0, 62720.0, 409600.0, 409600.0, 409600.0, 62720.0, 62720.0, 409600.0, 409600.0, 409600.0, 62720.0, 62720.0, 409600.0, 409600.0, 409600.0, 62720.0, 62720.0, 409600.0, 409600.0, 409600.0, 62720.0, 62720.0, 409600.0, 409600.0, 409600.0, 62720.0, 62720.0, 6553600.0, 26214400.0, 26214400.0]
OFMAP_SRAM=[627200.0, 627200.0, 627200.0, 115248.0, 109760.0, 627200.0, 627200.0, 627200.0, 115248.0, 109760.0, 627200.0, 627200.0, 627200.0, 115248.0, 109760.0, 627200.0, 627200.0, 627200.0, 115248.0, 109760.0, 627200.0, 627200.0, 627200.0, 115248.0, 109760.0, 627200.0, 627200.0, 627200.0, 115248.0, 109760.0, 627200.0, 627200.0, 627200.0, 115248.0, 109760.0, 627200.0, 627200.0, 627200.0, 115248.0, 109760.0, 627200.0, 627200.0, 627200.0, 115248.0, 109760.0, 627200.0, 627200.0, 627200.0, 115248.0, 109760.0, 627200.0, 627200.0, 627200.0, 115248.0, 109760.0, 627200.0, 627200.0, 627200.0, 115248.0, 109760.0, 627200.0, 627200.0, 627200.0, 115248.0, 109760.0, 627200.0, 627200.0, 627200.0, 115248.0, 109760.0, 627200.0, 627200.0, 627200.0, 115248.0, 109760.0, 627200.0, 627200.0, 627200.0, 115248.0, 109760.0, 10035200.0, 40140800.0, 40140800.0]

RT=[635808.0]
DRAMS=[177552640.0]
SRAMS=[347624192.0]
Batch Size:1

Elapsed Time=0:30:41.778069
