
***32x32 REPORT
*Runtime= 592592.0
*DRAM reads= 685922176.0, 564530304.0, 3123456
*total DRAM reads= 1253575936.0
*SRAM reads= 1078298496.0, 564530304.0, 987944064.0
*total SRAM reads= 2630772864.0
*Weighted Util:66.14
*Weighted Pod Util:82.5
*Weighted PE ratio:76.92
*Per-layer info:
Runtimes=[4160.0, 4160.0, 4160.0, 520.0, 637.0, 4160.0, 4160.0, 4160.0, 520.0, 637.0, 4160.0, 4160.0, 4160.0, 520.0, 637.0, 4160.0, 4160.0, 4160.0, 520.0, 637.0, 4160.0, 4160.0, 4160.0, 520.0, 637.0, 4160.0, 4160.0, 4160.0, 520.0, 637.0, 4160.0, 4160.0, 4160.0, 520.0, 637.0, 4160.0, 4160.0, 4160.0, 520.0, 637.0, 4160.0, 4160.0, 4160.0, 520.0, 637.0, 4160.0, 4160.0, 4160.0, 520.0, 637.0, 4160.0, 4160.0, 4160.0, 520.0, 637.0, 4160.0, 4160.0, 4160.0, 520.0, 637.0, 4160.0, 4160.0, 4160.0, 520.0, 637.0, 4160.0, 4160.0, 4160.0, 520.0, 637.0, 4160.0, 4160.0, 4160.0, 520.0, 637.0, 4160.0, 4160.0, 4160.0, 520.0, 637.0, 41600.0, 166400.0, 166400.0]
IFMAP_DRAM=[6773492.0, 6773492.0, 6773492.0, 438800.0, 1036964.0, 6773492.0, 6773492.0, 6773492.0, 438800.0, 1036964.0, 6773492.0, 6773492.0, 6773492.0, 438800.0, 1036964.0, 6773492.0, 6773492.0, 6773492.0, 438800.0, 1036964.0, 6773492.0, 6773492.0, 6773492.0, 438800.0, 1036964.0, 6773492.0, 6773492.0, 6773492.0, 438800.0, 1036964.0, 6773492.0, 6773492.0, 6773492.0, 438800.0, 1036964.0, 6773492.0, 6773492.0, 6773492.0, 438800.0, 1036964.0, 6773492.0, 6773492.0, 6773492.0, 438800.0, 1036964.0, 6773492.0, 6773492.0, 6773492.0, 438800.0, 1036964.0, 6773492.0, 6773492.0, 6773492.0, 438800.0, 1036964.0, 6773492.0, 6773492.0, 6773492.0, 438800.0, 1036964.0, 6773492.0, 6773492.0, 6773492.0, 438800.0, 1036964.0, 6773492.0, 6773492.0, 6773492.0, 438800.0, 1036964.0, 6773492.0, 6773492.0, 6773492.0, 438800.0, 1036964.0, 6773492.0, 6773492.0, 6773492.0, 438800.0, 1036964.0, 8028032.0, 8028032.0, 321126272.0]
Filter_DRAM=[2866932.0, 2866932.0, 2866932.0, 438800.0, 438772.0, 2866932.0, 2866932.0, 2866932.0, 438800.0, 438772.0, 2866932.0, 2866932.0, 2866932.0, 438800.0, 438772.0, 2866932.0, 2866932.0, 2866932.0, 438800.0, 438772.0, 2866932.0, 2866932.0, 2866932.0, 438800.0, 438772.0, 2866932.0, 2866932.0, 2866932.0, 438800.0, 438772.0, 2866932.0, 2866932.0, 2866932.0, 438800.0, 438772.0, 2866932.0, 2866932.0, 2866932.0, 438800.0, 438772.0, 2866932.0, 2866932.0, 2866932.0, 438800.0, 438772.0, 2866932.0, 2866932.0, 2866932.0, 438800.0, 438772.0, 2866932.0, 2866932.0, 2866932.0, 438800.0, 438772.0, 2866932.0, 2866932.0, 2866932.0, 438800.0, 438772.0, 2866932.0, 2866932.0, 2866932.0, 438800.0, 438772.0, 2866932.0, 2866932.0, 2866932.0, 438800.0, 438772.0, 2866932.0, 2866932.0, 2866932.0, 438800.0, 438772.0, 2866932.0, 2866932.0, 2866932.0, 438800.0, 438772.0, 45875072.0, 183500672.0, 183500672.0]
OFMAP_DRAM=[15680, 15680, 15680, 38416, 15680, 15680, 15680, 15680, 38416, 15680, 15680, 15680, 15680, 38416, 15680, 15680, 15680, 15680, 38416, 15680, 15680, 15680, 15680, 38416, 15680, 15680, 15680, 15680, 38416, 15680, 15680, 15680, 15680, 38416, 15680, 15680, 15680, 15680, 38416, 15680, 15680, 15680, 15680, 38416, 15680, 15680, 15680, 15680, 38416, 15680, 15680, 15680, 15680, 38416, 15680, 15680, 15680, 15680, 38416, 15680, 15680, 15680, 15680, 38416, 15680, 15680, 15680, 15680, 38416, 15680, 15680, 15680, 15680, 38416, 15680, 15680, 15680, 15680, 38416, 15680, 250880, 1003520, 250880]
IFMAP_SRAM=[6773492.0, 6773492.0, 6773492.0, 877840.0, 1036964.0, 6773492.0, 6773492.0, 6773492.0, 877840.0, 1036964.0, 6773492.0, 6773492.0, 6773492.0, 877840.0, 1036964.0, 6773492.0, 6773492.0, 6773492.0, 877840.0, 1036964.0, 6773492.0, 6773492.0, 6773492.0, 877840.0, 1036964.0, 6773492.0, 6773492.0, 6773492.0, 877840.0, 1036964.0, 6773492.0, 6773492.0, 6773492.0, 877840.0, 1036964.0, 6773492.0, 6773492.0, 6773492.0, 877840.0, 1036964.0, 6773492.0, 6773492.0, 6773492.0, 877840.0, 1036964.0, 6773492.0, 6773492.0, 6773492.0, 877840.0, 1036964.0, 6773492.0, 6773492.0, 6773492.0, 877840.0, 1036964.0, 6773492.0, 6773492.0, 6773492.0, 877840.0, 1036964.0, 6773492.0, 6773492.0, 6773492.0, 877840.0, 1036964.0, 6773492.0, 6773492.0, 6773492.0, 877840.0, 1036964.0, 6773492.0, 6773492.0, 6773492.0, 877840.0, 1036964.0, 6773492.0, 6773492.0, 6773492.0, 877840.0, 1036964.0, 80281472.0, 321126272.0, 321126272.0]
Filter_SRAM=[2866932.0, 2866932.0, 2866932.0, 438800.0, 438772.0, 2866932.0, 2866932.0, 2866932.0, 438800.0, 438772.0, 2866932.0, 2866932.0, 2866932.0, 438800.0, 438772.0, 2866932.0, 2866932.0, 2866932.0, 438800.0, 438772.0, 2866932.0, 2866932.0, 2866932.0, 438800.0, 438772.0, 2866932.0, 2866932.0, 2866932.0, 438800.0, 438772.0, 2866932.0, 2866932.0, 2866932.0, 438800.0, 438772.0, 2866932.0, 2866932.0, 2866932.0, 438800.0, 438772.0, 2866932.0, 2866932.0, 2866932.0, 438800.0, 438772.0, 2866932.0, 2866932.0, 2866932.0, 438800.0, 438772.0, 2866932.0, 2866932.0, 2866932.0, 438800.0, 438772.0, 2866932.0, 2866932.0, 2866932.0, 438800.0, 438772.0, 2866932.0, 2866932.0, 2866932.0, 438800.0, 438772.0, 2866932.0, 2866932.0, 2866932.0, 438800.0, 438772.0, 2866932.0, 2866932.0, 2866932.0, 438800.0, 438772.0, 2866932.0, 2866932.0, 2866932.0, 438800.0, 438772.0, 45875072.0, 183500672.0, 183500672.0]
OFMAP_SRAM=[5017332.0, 5017332.0, 5017332.0, 768080.0, 768052.0, 5017332.0, 5017332.0, 5017332.0, 768080.0, 768052.0, 5017332.0, 5017332.0, 5017332.0, 768080.0, 768052.0, 5017332.0, 5017332.0, 5017332.0, 768080.0, 768052.0, 5017332.0, 5017332.0, 5017332.0, 768080.0, 768052.0, 5017332.0, 5017332.0, 5017332.0, 768080.0, 768052.0, 5017332.0, 5017332.0, 5017332.0, 768080.0, 768052.0, 5017332.0, 5017332.0, 5017332.0, 768080.0, 768052.0, 5017332.0, 5017332.0, 5017332.0, 768080.0, 768052.0, 5017332.0, 5017332.0, 5017332.0, 768080.0, 768052.0, 5017332.0, 5017332.0, 5017332.0, 768080.0, 768052.0, 5017332.0, 5017332.0, 5017332.0, 768080.0, 768052.0, 5017332.0, 5017332.0, 5017332.0, 768080.0, 768052.0, 5017332.0, 5017332.0, 5017332.0, 768080.0, 768052.0, 5017332.0, 5017332.0, 5017332.0, 768080.0, 768052.0, 5017332.0, 5017332.0, 5017332.0, 768080.0, 768052.0, 80281472.0, 321126272.0, 321126272.0]

RT=[592592.0]
DRAMS=[1253575936.0]
SRAMS=[2630772864.0]
Batch Size:1

Elapsed Time=8:23:34.081789
