
***2x2 REPORT
*Runtime= 646912.0
*DRAM reads= 46889472.0, 40325120.0, 3123456
*total DRAM reads= 90338048.0
*SRAM reads= 71475712.0, 40325120.0, 62444032.0
*total SRAM reads= 174244864.0
*Weighted Util:65.98
*Weighted Pod Util:100.0
*Weighted PE ratio:71.88
*Per-layer info:
Runtimes=[4480.0, 4480.0, 4480.0, 896.0, 896.0, 4480.0, 4480.0, 4480.0, 896.0, 896.0, 4480.0, 4480.0, 4480.0, 896.0, 896.0, 4480.0, 4480.0, 4480.0, 896.0, 896.0, 4480.0, 4480.0, 4480.0, 896.0, 896.0, 4480.0, 4480.0, 4480.0, 896.0, 896.0, 4480.0, 4480.0, 4480.0, 896.0, 896.0, 4480.0, 4480.0, 4480.0, 896.0, 896.0, 4480.0, 4480.0, 4480.0, 896.0, 896.0, 4480.0, 4480.0, 4480.0, 896.0, 896.0, 4480.0, 4480.0, 4480.0, 896.0, 896.0, 4480.0, 4480.0, 4480.0, 896.0, 896.0, 4480.0, 4480.0, 4480.0, 896.0, 896.0, 4480.0, 4480.0, 4480.0, 896.0, 896.0, 4480.0, 4480.0, 4480.0, 896.0, 896.0, 4480.0, 4480.0, 4480.0, 896.0, 896.0, 44800.0, 179200.0, 179200.0]
IFMAP_DRAM=[501760.0, 501760.0, 501760.0, 31360.0, 76832.0, 501760.0, 501760.0, 501760.0, 31360.0, 76832.0, 501760.0, 501760.0, 501760.0, 31360.0, 76832.0, 501760.0, 501760.0, 501760.0, 31360.0, 76832.0, 501760.0, 501760.0, 501760.0, 31360.0, 76832.0, 501760.0, 501760.0, 501760.0, 31360.0, 76832.0, 501760.0, 501760.0, 501760.0, 31360.0, 76832.0, 501760.0, 501760.0, 501760.0, 31360.0, 76832.0, 501760.0, 501760.0, 501760.0, 31360.0, 76832.0, 501760.0, 501760.0, 501760.0, 31360.0, 76832.0, 501760.0, 501760.0, 501760.0, 31360.0, 76832.0, 501760.0, 501760.0, 501760.0, 31360.0, 76832.0, 501760.0, 501760.0, 501760.0, 31360.0, 76832.0, 501760.0, 501760.0, 501760.0, 31360.0, 76832.0, 501760.0, 501760.0, 501760.0, 31360.0, 76832.0, 501760.0, 501760.0, 501760.0, 31360.0, 76832.0, 501760.0, 501760.0, 20070400.0]
Filter_DRAM=[204800.0, 204800.0, 204800.0, 31360.0, 31360.0, 204800.0, 204800.0, 204800.0, 31360.0, 31360.0, 204800.0, 204800.0, 204800.0, 31360.0, 31360.0, 204800.0, 204800.0, 204800.0, 31360.0, 31360.0, 204800.0, 204800.0, 204800.0, 31360.0, 31360.0, 204800.0, 204800.0, 204800.0, 31360.0, 31360.0, 204800.0, 204800.0, 204800.0, 31360.0, 31360.0, 204800.0, 204800.0, 204800.0, 31360.0, 31360.0, 204800.0, 204800.0, 204800.0, 31360.0, 31360.0, 204800.0, 204800.0, 204800.0, 31360.0, 31360.0, 204800.0, 204800.0, 204800.0, 31360.0, 31360.0, 204800.0, 204800.0, 204800.0, 31360.0, 31360.0, 204800.0, 204800.0, 204800.0, 31360.0, 31360.0, 204800.0, 204800.0, 204800.0, 31360.0, 31360.0, 204800.0, 204800.0, 204800.0, 31360.0, 31360.0, 204800.0, 204800.0, 204800.0, 31360.0, 31360.0, 3276800.0, 13107200.0, 13107200.0]
OFMAP_DRAM=[15680, 15680, 15680, 38416, 15680, 15680, 15680, 15680, 38416, 15680, 15680, 15680, 15680, 38416, 15680, 15680, 15680, 15680, 38416, 15680, 15680, 15680, 15680, 38416, 15680, 15680, 15680, 15680, 38416, 15680, 15680, 15680, 15680, 38416, 15680, 15680, 15680, 15680, 38416, 15680, 15680, 15680, 15680, 38416, 15680, 15680, 15680, 15680, 38416, 15680, 15680, 15680, 15680, 38416, 15680, 15680, 15680, 15680, 38416, 15680, 15680, 15680, 15680, 38416, 15680, 15680, 15680, 15680, 38416, 15680, 15680, 15680, 15680, 38416, 15680, 15680, 15680, 15680, 38416, 15680, 250880, 1003520, 250880]
IFMAP_SRAM=[501760.0, 501760.0, 501760.0, 62720.0, 76832.0, 501760.0, 501760.0, 501760.0, 62720.0, 76832.0, 501760.0, 501760.0, 501760.0, 62720.0, 76832.0, 501760.0, 501760.0, 501760.0, 62720.0, 76832.0, 501760.0, 501760.0, 501760.0, 62720.0, 76832.0, 501760.0, 501760.0, 501760.0, 62720.0, 76832.0, 501760.0, 501760.0, 501760.0, 62720.0, 76832.0, 501760.0, 501760.0, 501760.0, 62720.0, 76832.0, 501760.0, 501760.0, 501760.0, 62720.0, 76832.0, 501760.0, 501760.0, 501760.0, 62720.0, 76832.0, 501760.0, 501760.0, 501760.0, 62720.0, 76832.0, 501760.0, 501760.0, 501760.0, 62720.0, 76832.0, 501760.0, 501760.0, 501760.0, 62720.0, 76832.0, 501760.0, 501760.0, 501760.0, 62720.0, 76832.0, 501760.0, 501760.0, 501760.0, 62720.0, 76832.0, 501760.0, 501760.0, 501760.0, 62720.0, 76832.0, 5017600.0, 20070400.0, 20070400.0]
Filter_SRAM=[204800.0, 204800.0, 204800.0, 31360.0, 31360.0, 204800.0, 204800.0, 204800.0, 31360.0, 31360.0, 204800.0, 204800.0, 204800.0, 31360.0, 31360.0, 204800.0, 204800.0, 204800.0, 31360.0, 31360.0, 204800.0, 204800.0, 204800.0, 31360.0, 31360.0, 204800.0, 204800.0, 204800.0, 31360.0, 31360.0, 204800.0, 204800.0, 204800.0, 31360.0, 31360.0, 204800.0, 204800.0, 204800.0, 31360.0, 31360.0, 204800.0, 204800.0, 204800.0, 31360.0, 31360.0, 204800.0, 204800.0, 204800.0, 31360.0, 31360.0, 204800.0, 204800.0, 204800.0, 31360.0, 31360.0, 204800.0, 204800.0, 204800.0, 31360.0, 31360.0, 204800.0, 204800.0, 204800.0, 31360.0, 31360.0, 204800.0, 204800.0, 204800.0, 31360.0, 31360.0, 204800.0, 204800.0, 204800.0, 31360.0, 31360.0, 204800.0, 204800.0, 204800.0, 31360.0, 31360.0, 3276800.0, 13107200.0, 13107200.0]
OFMAP_SRAM=[313600.0, 313600.0, 313600.0, 76832.0, 62720.0, 313600.0, 313600.0, 313600.0, 76832.0, 62720.0, 313600.0, 313600.0, 313600.0, 76832.0, 62720.0, 313600.0, 313600.0, 313600.0, 76832.0, 62720.0, 313600.0, 313600.0, 313600.0, 76832.0, 62720.0, 313600.0, 313600.0, 313600.0, 76832.0, 62720.0, 313600.0, 313600.0, 313600.0, 76832.0, 62720.0, 313600.0, 313600.0, 313600.0, 76832.0, 62720.0, 313600.0, 313600.0, 313600.0, 76832.0, 62720.0, 313600.0, 313600.0, 313600.0, 76832.0, 62720.0, 313600.0, 313600.0, 313600.0, 76832.0, 62720.0, 313600.0, 313600.0, 313600.0, 76832.0, 62720.0, 313600.0, 313600.0, 313600.0, 76832.0, 62720.0, 313600.0, 313600.0, 313600.0, 76832.0, 62720.0, 313600.0, 313600.0, 313600.0, 76832.0, 62720.0, 313600.0, 313600.0, 313600.0, 76832.0, 62720.0, 5017600.0, 20070400.0, 20070400.0]

RT=[646912.0]
DRAMS=[90338048.0]
SRAMS=[174244864.0]
Batch Size:1

Elapsed Time=0:12:07.518524
