
***16x16 REPORT
*Runtime= 615600.0
*DRAM reads= 374378496.0, 322600960.0, 3123456
*total DRAM reads= 700102912.0
*SRAM reads= 571554816.0, 322600960.0, 494108160.0
*total SRAM reads= 1388263936.0
*Weighted Util:66.48
*Weighted Pod Util:100.0
*Weighted PE ratio:72.78
*Per-layer info:
Runtimes=[4320.0, 4320.0, 4320.0, 540.0, 675.0, 4320.0, 4320.0, 4320.0, 540.0, 675.0, 4320.0, 4320.0, 4320.0, 540.0, 675.0, 4320.0, 4320.0, 4320.0, 540.0, 675.0, 4320.0, 4320.0, 4320.0, 540.0, 675.0, 4320.0, 4320.0, 4320.0, 540.0, 675.0, 4320.0, 4320.0, 4320.0, 540.0, 675.0, 4320.0, 4320.0, 4320.0, 540.0, 675.0, 4320.0, 4320.0, 4320.0, 540.0, 675.0, 4320.0, 4320.0, 4320.0, 540.0, 675.0, 4320.0, 4320.0, 4320.0, 540.0, 675.0, 4320.0, 4320.0, 4320.0, 540.0, 675.0, 4320.0, 4320.0, 4320.0, 540.0, 675.0, 4320.0, 4320.0, 4320.0, 540.0, 675.0, 4320.0, 4320.0, 4320.0, 540.0, 675.0, 4320.0, 4320.0, 4320.0, 540.0, 675.0, 43200.0, 172800.0, 172800.0]
IFMAP_DRAM=[4014080.0, 4014080.0, 4014080.0, 250880.0, 614656.0, 4014080.0, 4014080.0, 4014080.0, 250880.0, 614656.0, 4014080.0, 4014080.0, 4014080.0, 250880.0, 614656.0, 4014080.0, 4014080.0, 4014080.0, 250880.0, 614656.0, 4014080.0, 4014080.0, 4014080.0, 250880.0, 614656.0, 4014080.0, 4014080.0, 4014080.0, 250880.0, 614656.0, 4014080.0, 4014080.0, 4014080.0, 250880.0, 614656.0, 4014080.0, 4014080.0, 4014080.0, 250880.0, 614656.0, 4014080.0, 4014080.0, 4014080.0, 250880.0, 614656.0, 4014080.0, 4014080.0, 4014080.0, 250880.0, 614656.0, 4014080.0, 4014080.0, 4014080.0, 250880.0, 614656.0, 4014080.0, 4014080.0, 4014080.0, 250880.0, 614656.0, 4014080.0, 4014080.0, 4014080.0, 250880.0, 614656.0, 4014080.0, 4014080.0, 4014080.0, 250880.0, 614656.0, 4014080.0, 4014080.0, 4014080.0, 250880.0, 614656.0, 4014080.0, 4014080.0, 4014080.0, 250880.0, 614656.0, 4014080.0, 4014080.0, 159825920.0]
Filter_DRAM=[1638400.0, 1638400.0, 1638400.0, 250880.0, 250880.0, 1638400.0, 1638400.0, 1638400.0, 250880.0, 250880.0, 1638400.0, 1638400.0, 1638400.0, 250880.0, 250880.0, 1638400.0, 1638400.0, 1638400.0, 250880.0, 250880.0, 1638400.0, 1638400.0, 1638400.0, 250880.0, 250880.0, 1638400.0, 1638400.0, 1638400.0, 250880.0, 250880.0, 1638400.0, 1638400.0, 1638400.0, 250880.0, 250880.0, 1638400.0, 1638400.0, 1638400.0, 250880.0, 250880.0, 1638400.0, 1638400.0, 1638400.0, 250880.0, 250880.0, 1638400.0, 1638400.0, 1638400.0, 250880.0, 250880.0, 1638400.0, 1638400.0, 1638400.0, 250880.0, 250880.0, 1638400.0, 1638400.0, 1638400.0, 250880.0, 250880.0, 1638400.0, 1638400.0, 1638400.0, 250880.0, 250880.0, 1638400.0, 1638400.0, 1638400.0, 250880.0, 250880.0, 1638400.0, 1638400.0, 1638400.0, 250880.0, 250880.0, 1638400.0, 1638400.0, 1638400.0, 250880.0, 250880.0, 26214400.0, 104857600.0, 104857600.0]
OFMAP_DRAM=[15680, 15680, 15680, 38416, 15680, 15680, 15680, 15680, 38416, 15680, 15680, 15680, 15680, 38416, 15680, 15680, 15680, 15680, 38416, 15680, 15680, 15680, 15680, 38416, 15680, 15680, 15680, 15680, 38416, 15680, 15680, 15680, 15680, 38416, 15680, 15680, 15680, 15680, 38416, 15680, 15680, 15680, 15680, 38416, 15680, 15680, 15680, 15680, 38416, 15680, 15680, 15680, 15680, 38416, 15680, 15680, 15680, 15680, 38416, 15680, 15680, 15680, 15680, 38416, 15680, 15680, 15680, 15680, 38416, 15680, 15680, 15680, 15680, 38416, 15680, 15680, 15680, 15680, 38416, 15680, 250880, 1003520, 250880]
IFMAP_SRAM=[4014080.0, 4014080.0, 4014080.0, 486080.0, 614656.0, 4014080.0, 4014080.0, 4014080.0, 486080.0, 614656.0, 4014080.0, 4014080.0, 4014080.0, 486080.0, 614656.0, 4014080.0, 4014080.0, 4014080.0, 486080.0, 614656.0, 4014080.0, 4014080.0, 4014080.0, 486080.0, 614656.0, 4014080.0, 4014080.0, 4014080.0, 486080.0, 614656.0, 4014080.0, 4014080.0, 4014080.0, 486080.0, 614656.0, 4014080.0, 4014080.0, 4014080.0, 486080.0, 614656.0, 4014080.0, 4014080.0, 4014080.0, 486080.0, 614656.0, 4014080.0, 4014080.0, 4014080.0, 486080.0, 614656.0, 4014080.0, 4014080.0, 4014080.0, 486080.0, 614656.0, 4014080.0, 4014080.0, 4014080.0, 486080.0, 614656.0, 4014080.0, 4014080.0, 4014080.0, 486080.0, 614656.0, 4014080.0, 4014080.0, 4014080.0, 486080.0, 614656.0, 4014080.0, 4014080.0, 4014080.0, 486080.0, 614656.0, 4014080.0, 4014080.0, 4014080.0, 486080.0, 614656.0, 40140800.0, 160563200.0, 160563200.0]
Filter_SRAM=[1638400.0, 1638400.0, 1638400.0, 250880.0, 250880.0, 1638400.0, 1638400.0, 1638400.0, 250880.0, 250880.0, 1638400.0, 1638400.0, 1638400.0, 250880.0, 250880.0, 1638400.0, 1638400.0, 1638400.0, 250880.0, 250880.0, 1638400.0, 1638400.0, 1638400.0, 250880.0, 250880.0, 1638400.0, 1638400.0, 1638400.0, 250880.0, 250880.0, 1638400.0, 1638400.0, 1638400.0, 250880.0, 250880.0, 1638400.0, 1638400.0, 1638400.0, 250880.0, 250880.0, 1638400.0, 1638400.0, 1638400.0, 250880.0, 250880.0, 1638400.0, 1638400.0, 1638400.0, 250880.0, 250880.0, 1638400.0, 1638400.0, 1638400.0, 250880.0, 250880.0, 1638400.0, 1638400.0, 1638400.0, 250880.0, 250880.0, 1638400.0, 1638400.0, 1638400.0, 250880.0, 250880.0, 1638400.0, 1638400.0, 1638400.0, 250880.0, 250880.0, 1638400.0, 1638400.0, 1638400.0, 250880.0, 250880.0, 1638400.0, 1638400.0, 1638400.0, 250880.0, 250880.0, 26214400.0, 104857600.0, 104857600.0]
OFMAP_SRAM=[2508800.0, 2508800.0, 2508800.0, 384160.0, 392000.0, 2508800.0, 2508800.0, 2508800.0, 384160.0, 392000.0, 2508800.0, 2508800.0, 2508800.0, 384160.0, 392000.0, 2508800.0, 2508800.0, 2508800.0, 384160.0, 392000.0, 2508800.0, 2508800.0, 2508800.0, 384160.0, 392000.0, 2508800.0, 2508800.0, 2508800.0, 384160.0, 392000.0, 2508800.0, 2508800.0, 2508800.0, 384160.0, 392000.0, 2508800.0, 2508800.0, 2508800.0, 384160.0, 392000.0, 2508800.0, 2508800.0, 2508800.0, 384160.0, 392000.0, 2508800.0, 2508800.0, 2508800.0, 384160.0, 392000.0, 2508800.0, 2508800.0, 2508800.0, 384160.0, 392000.0, 2508800.0, 2508800.0, 2508800.0, 384160.0, 392000.0, 2508800.0, 2508800.0, 2508800.0, 384160.0, 392000.0, 2508800.0, 2508800.0, 2508800.0, 384160.0, 392000.0, 2508800.0, 2508800.0, 2508800.0, 384160.0, 392000.0, 2508800.0, 2508800.0, 2508800.0, 384160.0, 392000.0, 40140800.0, 160563200.0, 160563200.0]

RT=[615600.0]
DRAMS=[700102912.0]
SRAMS=[1388263936.0]
Batch Size:1

Elapsed Time=2:40:32.792016
