
***1x1 REPORT
*Runtime= 148896.0
*DRAM reads= 331440.0, 7093248.0, 78000
*total DRAM reads= 7502688.0
*SRAM reads= 700080.0, 7093248.0, 561840.0
*total SRAM reads= 8355168.0
*Weighted Util:6.08
*Weighted Pod Util:100.0
*Weighted PE ratio:51.89
*Per-layer info:
Runtimes=[1584.0, 1584.0, 1584.0, 264.0, 264.0, 1584.0, 1584.0, 1584.0, 264.0, 264.0, 1584.0, 1584.0, 1584.0, 264.0, 264.0, 1584.0, 1584.0, 1584.0, 264.0, 264.0, 1584.0, 1584.0, 1584.0, 264.0, 264.0, 1584.0, 1584.0, 1584.0, 264.0, 264.0, 1584.0, 1584.0, 1584.0, 264.0, 264.0, 1584.0, 1584.0, 1584.0, 264.0, 264.0, 1584.0, 1584.0, 1584.0, 264.0, 264.0, 1584.0, 1584.0, 1584.0, 264.0, 264.0, 1584.0, 1584.0, 1584.0, 264.0, 264.0, 1584.0, 1584.0, 1584.0, 264.0, 264.0, 9504.0, 38016.0, 38016.0]
IFMAP_DRAM=[7680.0, 7680.0, 7680.0, 640.0, 100.0, 7680.0, 7680.0, 7680.0, 640.0, 100.0, 7680.0, 7680.0, 7680.0, 640.0, 100.0, 7680.0, 7680.0, 7680.0, 640.0, 100.0, 7680.0, 7680.0, 7680.0, 640.0, 100.0, 7680.0, 7680.0, 7680.0, 640.0, 100.0, 7680.0, 7680.0, 7680.0, 640.0, 100.0, 7680.0, 7680.0, 7680.0, 640.0, 100.0, 7680.0, 7680.0, 7680.0, 640.0, 100.0, 7680.0, 7680.0, 7680.0, 640.0, 100.0, 7680.0, 7680.0, 7680.0, 640.0, 100.0, 7680.0, 7680.0, 7680.0, 640.0, 100.0, 7680.0, 7680.0, 30720.0]
Filter_DRAM=[49152.0, 49152.0, 49152.0, 640.0, 640.0, 49152.0, 49152.0, 49152.0, 640.0, 640.0, 49152.0, 49152.0, 49152.0, 640.0, 640.0, 49152.0, 49152.0, 49152.0, 640.0, 640.0, 49152.0, 49152.0, 49152.0, 640.0, 640.0, 49152.0, 49152.0, 49152.0, 640.0, 640.0, 49152.0, 49152.0, 49152.0, 640.0, 640.0, 49152.0, 49152.0, 49152.0, 640.0, 640.0, 49152.0, 49152.0, 49152.0, 640.0, 640.0, 49152.0, 49152.0, 49152.0, 640.0, 640.0, 49152.0, 49152.0, 49152.0, 640.0, 640.0, 49152.0, 49152.0, 49152.0, 640.0, 640.0, 589824.0, 2359296.0, 2359296.0]
OFMAP_DRAM=[640, 640, 640, 100, 640, 640, 640, 640, 100, 640, 640, 640, 640, 100, 640, 640, 640, 640, 100, 640, 640, 640, 640, 100, 640, 640, 640, 640, 100, 640, 640, 640, 640, 100, 640, 640, 640, 640, 100, 640, 640, 640, 640, 100, 640, 640, 640, 640, 100, 640, 640, 640, 640, 100, 640, 640, 640, 640, 100, 640, 7680, 30720, 7680]
IFMAP_SRAM=[7680.0, 7680.0, 7680.0, 640.0, 100.0, 7680.0, 7680.0, 7680.0, 640.0, 100.0, 7680.0, 7680.0, 7680.0, 640.0, 100.0, 7680.0, 7680.0, 7680.0, 640.0, 100.0, 7680.0, 7680.0, 7680.0, 640.0, 100.0, 7680.0, 7680.0, 7680.0, 640.0, 100.0, 7680.0, 7680.0, 7680.0, 640.0, 100.0, 7680.0, 7680.0, 7680.0, 640.0, 100.0, 7680.0, 7680.0, 7680.0, 640.0, 100.0, 7680.0, 7680.0, 7680.0, 640.0, 100.0, 7680.0, 7680.0, 7680.0, 640.0, 100.0, 7680.0, 7680.0, 7680.0, 640.0, 100.0, 46080.0, 184320.0, 184320.0]
Filter_SRAM=[49152.0, 49152.0, 49152.0, 640.0, 640.0, 49152.0, 49152.0, 49152.0, 640.0, 640.0, 49152.0, 49152.0, 49152.0, 640.0, 640.0, 49152.0, 49152.0, 49152.0, 640.0, 640.0, 49152.0, 49152.0, 49152.0, 640.0, 640.0, 49152.0, 49152.0, 49152.0, 640.0, 640.0, 49152.0, 49152.0, 49152.0, 640.0, 640.0, 49152.0, 49152.0, 49152.0, 640.0, 640.0, 49152.0, 49152.0, 49152.0, 640.0, 640.0, 49152.0, 49152.0, 49152.0, 640.0, 640.0, 49152.0, 49152.0, 49152.0, 640.0, 640.0, 49152.0, 49152.0, 49152.0, 640.0, 640.0, 589824.0, 2359296.0, 2359296.0]
OFMAP_SRAM=[3840.0, 3840.0, 3840.0, 100.0, 640.0, 3840.0, 3840.0, 3840.0, 100.0, 640.0, 3840.0, 3840.0, 3840.0, 100.0, 640.0, 3840.0, 3840.0, 3840.0, 100.0, 640.0, 3840.0, 3840.0, 3840.0, 100.0, 640.0, 3840.0, 3840.0, 3840.0, 100.0, 640.0, 3840.0, 3840.0, 3840.0, 100.0, 640.0, 3840.0, 3840.0, 3840.0, 100.0, 640.0, 3840.0, 3840.0, 3840.0, 100.0, 640.0, 3840.0, 3840.0, 3840.0, 100.0, 640.0, 3840.0, 3840.0, 3840.0, 100.0, 640.0, 3840.0, 3840.0, 3840.0, 100.0, 640.0, 46080.0, 184320.0, 184320.0]

RT=[148896.0]
DRAMS=[7502688.0]
SRAMS=[8355168.0]
Batch Size:1

Elapsed Time=0:00:51.749371
