
***8x8 REPORT
*Runtime= 140160.0
*DRAM reads= 2626788.0, 35464548.0, 78000
*total DRAM reads= 38169336.0
*SRAM reads= 5575908.0, 35464548.0, 4434468.0
*total SRAM reads= 45474924.0
*Weighted Util:6.18
*Weighted Pod Util:62.24
*Weighted PE ratio:53.13
*Per-layer info:
Runtimes=[1536.0, 1536.0, 1536.0, 128.0, 32.0, 1536.0, 1536.0, 1536.0, 128.0, 32.0, 1536.0, 1536.0, 1536.0, 128.0, 32.0, 1536.0, 1536.0, 1536.0, 128.0, 32.0, 1536.0, 1536.0, 1536.0, 128.0, 32.0, 1536.0, 1536.0, 1536.0, 128.0, 32.0, 1536.0, 1536.0, 1536.0, 128.0, 32.0, 1536.0, 1536.0, 1536.0, 128.0, 32.0, 1536.0, 1536.0, 1536.0, 128.0, 32.0, 1536.0, 1536.0, 1536.0, 128.0, 32.0, 1536.0, 1536.0, 1536.0, 128.0, 32.0, 1536.0, 1536.0, 1536.0, 128.0, 32.0, 9216.0, 36864.0, 36864.0]
IFMAP_DRAM=[61416.0, 61416.0, 61416.0, 3161.0, 776.0, 61416.0, 61416.0, 61416.0, 3161.0, 776.0, 61416.0, 61416.0, 61416.0, 3161.0, 776.0, 61416.0, 61416.0, 61416.0, 3161.0, 776.0, 61416.0, 61416.0, 61416.0, 3161.0, 776.0, 61416.0, 61416.0, 61416.0, 3161.0, 776.0, 61416.0, 61416.0, 61416.0, 3161.0, 776.0, 61416.0, 61416.0, 61416.0, 3161.0, 776.0, 61416.0, 61416.0, 61416.0, 3161.0, 776.0, 61416.0, 61416.0, 61416.0, 3161.0, 776.0, 61416.0, 61416.0, 61416.0, 3161.0, 776.0, 61416.0, 61416.0, 61416.0, 3161.0, 776.0, 61416.0, 61416.0, 245736.0]
Filter_DRAM=[245736.0, 245736.0, 245736.0, 3161.0, 3176.0, 245736.0, 245736.0, 245736.0, 3161.0, 3176.0, 245736.0, 245736.0, 245736.0, 3161.0, 3176.0, 245736.0, 245736.0, 245736.0, 3161.0, 3176.0, 245736.0, 245736.0, 245736.0, 3161.0, 3176.0, 245736.0, 245736.0, 245736.0, 3161.0, 3176.0, 245736.0, 245736.0, 245736.0, 3161.0, 3176.0, 245736.0, 245736.0, 245736.0, 3161.0, 3176.0, 245736.0, 245736.0, 245736.0, 3161.0, 3176.0, 245736.0, 245736.0, 245736.0, 3161.0, 3176.0, 245736.0, 245736.0, 245736.0, 3161.0, 3176.0, 245736.0, 245736.0, 245736.0, 3161.0, 3176.0, 2949096.0, 11796456.0, 11796456.0]
OFMAP_DRAM=[640, 640, 640, 100, 640, 640, 640, 640, 100, 640, 640, 640, 640, 100, 640, 640, 640, 640, 100, 640, 640, 640, 640, 100, 640, 640, 640, 640, 100, 640, 640, 640, 640, 100, 640, 640, 640, 640, 100, 640, 640, 640, 640, 100, 640, 640, 640, 640, 100, 640, 640, 640, 640, 100, 640, 640, 640, 640, 100, 640, 7680, 30720, 7680]
IFMAP_SRAM=[61416.0, 61416.0, 61416.0, 3161.0, 776.0, 61416.0, 61416.0, 61416.0, 3161.0, 776.0, 61416.0, 61416.0, 61416.0, 3161.0, 776.0, 61416.0, 61416.0, 61416.0, 3161.0, 776.0, 61416.0, 61416.0, 61416.0, 3161.0, 776.0, 61416.0, 61416.0, 61416.0, 3161.0, 776.0, 61416.0, 61416.0, 61416.0, 3161.0, 776.0, 61416.0, 61416.0, 61416.0, 3161.0, 776.0, 61416.0, 61416.0, 61416.0, 3161.0, 776.0, 61416.0, 61416.0, 61416.0, 3161.0, 776.0, 61416.0, 61416.0, 61416.0, 3161.0, 776.0, 61416.0, 61416.0, 61416.0, 3161.0, 776.0, 368616.0, 1474536.0, 1474536.0]
Filter_SRAM=[245736.0, 245736.0, 245736.0, 3161.0, 3176.0, 245736.0, 245736.0, 245736.0, 3161.0, 3176.0, 245736.0, 245736.0, 245736.0, 3161.0, 3176.0, 245736.0, 245736.0, 245736.0, 3161.0, 3176.0, 245736.0, 245736.0, 245736.0, 3161.0, 3176.0, 245736.0, 245736.0, 245736.0, 3161.0, 3176.0, 245736.0, 245736.0, 245736.0, 3161.0, 3176.0, 245736.0, 245736.0, 245736.0, 3161.0, 3176.0, 245736.0, 245736.0, 245736.0, 3161.0, 3176.0, 245736.0, 245736.0, 245736.0, 3161.0, 3176.0, 245736.0, 245736.0, 245736.0, 3161.0, 3176.0, 245736.0, 245736.0, 245736.0, 3161.0, 3176.0, 2949096.0, 11796456.0, 11796456.0]
OFMAP_SRAM=[30696.0, 30696.0, 30696.0, 361.0, 616.0, 30696.0, 30696.0, 30696.0, 361.0, 616.0, 30696.0, 30696.0, 30696.0, 361.0, 616.0, 30696.0, 30696.0, 30696.0, 361.0, 616.0, 30696.0, 30696.0, 30696.0, 361.0, 616.0, 30696.0, 30696.0, 30696.0, 361.0, 616.0, 30696.0, 30696.0, 30696.0, 361.0, 616.0, 30696.0, 30696.0, 30696.0, 361.0, 616.0, 30696.0, 30696.0, 30696.0, 361.0, 616.0, 30696.0, 30696.0, 30696.0, 361.0, 616.0, 30696.0, 30696.0, 30696.0, 361.0, 616.0, 30696.0, 30696.0, 30696.0, 361.0, 616.0, 368616.0, 1474536.0, 1474536.0]

RT=[140160.0]
DRAMS=[38169336.0]
SRAMS=[45474924.0]
Batch Size:1

Elapsed Time=0:04:07.300538
