
***4x4 REPORT
*Runtime= 142740.0
*DRAM reads= 1325760.0, 28372992.0, 78000
*total DRAM reads= 29776752.0
*SRAM reads= 2800320.0, 28372992.0, 2221920.0
*total SRAM reads= 33395232.0
*Weighted Util:6.18
*Weighted Pod Util:100.0
*Weighted PE ratio:51.93
*Per-layer info:
Runtimes=[1560.0, 1560.0, 1560.0, 130.0, 65.0, 1560.0, 1560.0, 1560.0, 130.0, 65.0, 1560.0, 1560.0, 1560.0, 130.0, 65.0, 1560.0, 1560.0, 1560.0, 130.0, 65.0, 1560.0, 1560.0, 1560.0, 130.0, 65.0, 1560.0, 1560.0, 1560.0, 130.0, 65.0, 1560.0, 1560.0, 1560.0, 130.0, 65.0, 1560.0, 1560.0, 1560.0, 130.0, 65.0, 1560.0, 1560.0, 1560.0, 130.0, 65.0, 1560.0, 1560.0, 1560.0, 130.0, 65.0, 1560.0, 1560.0, 1560.0, 130.0, 65.0, 1560.0, 1560.0, 1560.0, 130.0, 65.0, 9360.0, 37440.0, 37440.0]
IFMAP_DRAM=[30720.0, 30720.0, 30720.0, 2560.0, 400.0, 30720.0, 30720.0, 30720.0, 2560.0, 400.0, 30720.0, 30720.0, 30720.0, 2560.0, 400.0, 30720.0, 30720.0, 30720.0, 2560.0, 400.0, 30720.0, 30720.0, 30720.0, 2560.0, 400.0, 30720.0, 30720.0, 30720.0, 2560.0, 400.0, 30720.0, 30720.0, 30720.0, 2560.0, 400.0, 30720.0, 30720.0, 30720.0, 2560.0, 400.0, 30720.0, 30720.0, 30720.0, 2560.0, 400.0, 30720.0, 30720.0, 30720.0, 2560.0, 400.0, 30720.0, 30720.0, 30720.0, 2560.0, 400.0, 30720.0, 30720.0, 30720.0, 2560.0, 400.0, 30720.0, 30720.0, 122880.0]
Filter_DRAM=[196608.0, 196608.0, 196608.0, 2560.0, 2560.0, 196608.0, 196608.0, 196608.0, 2560.0, 2560.0, 196608.0, 196608.0, 196608.0, 2560.0, 2560.0, 196608.0, 196608.0, 196608.0, 2560.0, 2560.0, 196608.0, 196608.0, 196608.0, 2560.0, 2560.0, 196608.0, 196608.0, 196608.0, 2560.0, 2560.0, 196608.0, 196608.0, 196608.0, 2560.0, 2560.0, 196608.0, 196608.0, 196608.0, 2560.0, 2560.0, 196608.0, 196608.0, 196608.0, 2560.0, 2560.0, 196608.0, 196608.0, 196608.0, 2560.0, 2560.0, 196608.0, 196608.0, 196608.0, 2560.0, 2560.0, 196608.0, 196608.0, 196608.0, 2560.0, 2560.0, 2359296.0, 9437184.0, 9437184.0]
OFMAP_DRAM=[640, 640, 640, 100, 640, 640, 640, 640, 100, 640, 640, 640, 640, 100, 640, 640, 640, 640, 100, 640, 640, 640, 640, 100, 640, 640, 640, 640, 100, 640, 640, 640, 640, 100, 640, 640, 640, 640, 100, 640, 640, 640, 640, 100, 640, 640, 640, 640, 100, 640, 640, 640, 640, 100, 640, 640, 640, 640, 100, 640, 7680, 30720, 7680]
IFMAP_SRAM=[30720.0, 30720.0, 30720.0, 2560.0, 400.0, 30720.0, 30720.0, 30720.0, 2560.0, 400.0, 30720.0, 30720.0, 30720.0, 2560.0, 400.0, 30720.0, 30720.0, 30720.0, 2560.0, 400.0, 30720.0, 30720.0, 30720.0, 2560.0, 400.0, 30720.0, 30720.0, 30720.0, 2560.0, 400.0, 30720.0, 30720.0, 30720.0, 2560.0, 400.0, 30720.0, 30720.0, 30720.0, 2560.0, 400.0, 30720.0, 30720.0, 30720.0, 2560.0, 400.0, 30720.0, 30720.0, 30720.0, 2560.0, 400.0, 30720.0, 30720.0, 30720.0, 2560.0, 400.0, 30720.0, 30720.0, 30720.0, 2560.0, 400.0, 184320.0, 737280.0, 737280.0]
Filter_SRAM=[196608.0, 196608.0, 196608.0, 2560.0, 2560.0, 196608.0, 196608.0, 196608.0, 2560.0, 2560.0, 196608.0, 196608.0, 196608.0, 2560.0, 2560.0, 196608.0, 196608.0, 196608.0, 2560.0, 2560.0, 196608.0, 196608.0, 196608.0, 2560.0, 2560.0, 196608.0, 196608.0, 196608.0, 2560.0, 2560.0, 196608.0, 196608.0, 196608.0, 2560.0, 2560.0, 196608.0, 196608.0, 196608.0, 2560.0, 2560.0, 196608.0, 196608.0, 196608.0, 2560.0, 2560.0, 196608.0, 196608.0, 196608.0, 2560.0, 2560.0, 196608.0, 196608.0, 196608.0, 2560.0, 2560.0, 196608.0, 196608.0, 196608.0, 2560.0, 2560.0, 2359296.0, 9437184.0, 9437184.0]
OFMAP_SRAM=[15360.0, 15360.0, 15360.0, 200.0, 640.0, 15360.0, 15360.0, 15360.0, 200.0, 640.0, 15360.0, 15360.0, 15360.0, 200.0, 640.0, 15360.0, 15360.0, 15360.0, 200.0, 640.0, 15360.0, 15360.0, 15360.0, 200.0, 640.0, 15360.0, 15360.0, 15360.0, 200.0, 640.0, 15360.0, 15360.0, 15360.0, 200.0, 640.0, 15360.0, 15360.0, 15360.0, 200.0, 640.0, 15360.0, 15360.0, 15360.0, 200.0, 640.0, 15360.0, 15360.0, 15360.0, 200.0, 640.0, 15360.0, 15360.0, 15360.0, 200.0, 640.0, 15360.0, 15360.0, 15360.0, 200.0, 640.0, 184320.0, 737280.0, 737280.0]

RT=[142740.0]
DRAMS=[29776752.0]
SRAMS=[33395232.0]
Batch Size:1

Elapsed Time=0:02:13.449082
