
***32x32 REPORT
*Runtime= 122556.0
*DRAM reads= 10390128.0, 70885488.0, 78000
*total DRAM reads= 81353616.0
*SRAM reads= 22186608.0, 70885488.0, 17689968.0
*total SRAM reads= 110762064.0
*Weighted Util:6.18
*Weighted Pod Util:31.01
*Weighted PE ratio:57.14
*Per-layer info:
Runtimes=[1344.0, 1344.0, 1344.0, 112.0, 21.0, 1344.0, 1344.0, 1344.0, 112.0, 21.0, 1344.0, 1344.0, 1344.0, 112.0, 21.0, 1344.0, 1344.0, 1344.0, 112.0, 21.0, 1344.0, 1344.0, 1344.0, 112.0, 21.0, 1344.0, 1344.0, 1344.0, 112.0, 21.0, 1344.0, 1344.0, 1344.0, 112.0, 21.0, 1344.0, 1344.0, 1344.0, 112.0, 21.0, 1344.0, 1344.0, 1344.0, 112.0, 21.0, 1344.0, 1344.0, 1344.0, 112.0, 21.0, 1344.0, 1344.0, 1344.0, 112.0, 21.0, 1344.0, 1344.0, 1344.0, 112.0, 21.0, 8064.0, 32256.0, 32256.0]
IFMAP_DRAM=[245056.0, 245056.0, 245056.0, 5476.0, 2496.0, 245056.0, 245056.0, 245056.0, 5476.0, 2496.0, 245056.0, 245056.0, 245056.0, 5476.0, 2496.0, 245056.0, 245056.0, 245056.0, 5476.0, 2496.0, 245056.0, 245056.0, 245056.0, 5476.0, 2496.0, 245056.0, 245056.0, 245056.0, 5476.0, 2496.0, 245056.0, 245056.0, 245056.0, 5476.0, 2496.0, 245056.0, 245056.0, 245056.0, 5476.0, 2496.0, 245056.0, 245056.0, 245056.0, 5476.0, 2496.0, 245056.0, 245056.0, 245056.0, 5476.0, 2496.0, 245056.0, 245056.0, 245056.0, 5476.0, 2496.0, 245056.0, 245056.0, 245056.0, 5476.0, 2496.0, 245056.0, 245056.0, 982336.0]
Filter_DRAM=[490816.0, 490816.0, 490816.0, 5476.0, 5696.0, 490816.0, 490816.0, 490816.0, 5476.0, 5696.0, 490816.0, 490816.0, 490816.0, 5476.0, 5696.0, 490816.0, 490816.0, 490816.0, 5476.0, 5696.0, 490816.0, 490816.0, 490816.0, 5476.0, 5696.0, 490816.0, 490816.0, 490816.0, 5476.0, 5696.0, 490816.0, 490816.0, 490816.0, 5476.0, 5696.0, 490816.0, 490816.0, 490816.0, 5476.0, 5696.0, 490816.0, 490816.0, 490816.0, 5476.0, 5696.0, 490816.0, 490816.0, 490816.0, 5476.0, 5696.0, 490816.0, 490816.0, 490816.0, 5476.0, 5696.0, 490816.0, 490816.0, 490816.0, 5476.0, 5696.0, 5897536.0, 23592256.0, 23592256.0]
OFMAP_DRAM=[640, 640, 640, 100, 640, 640, 640, 640, 100, 640, 640, 640, 640, 100, 640, 640, 640, 640, 100, 640, 640, 640, 640, 100, 640, 640, 640, 640, 100, 640, 640, 640, 640, 100, 640, 640, 640, 640, 100, 640, 640, 640, 640, 100, 640, 640, 640, 640, 100, 640, 640, 640, 640, 100, 640, 640, 640, 640, 100, 640, 7680, 30720, 7680]
IFMAP_SRAM=[245056.0, 245056.0, 245056.0, 5476.0, 2496.0, 245056.0, 245056.0, 245056.0, 5476.0, 2496.0, 245056.0, 245056.0, 245056.0, 5476.0, 2496.0, 245056.0, 245056.0, 245056.0, 5476.0, 2496.0, 245056.0, 245056.0, 245056.0, 5476.0, 2496.0, 245056.0, 245056.0, 245056.0, 5476.0, 2496.0, 245056.0, 245056.0, 245056.0, 5476.0, 2496.0, 245056.0, 245056.0, 245056.0, 5476.0, 2496.0, 245056.0, 245056.0, 245056.0, 5476.0, 2496.0, 245056.0, 245056.0, 245056.0, 5476.0, 2496.0, 245056.0, 245056.0, 245056.0, 5476.0, 2496.0, 245056.0, 245056.0, 245056.0, 5476.0, 2496.0, 1473856.0, 5897536.0, 5897536.0]
Filter_SRAM=[490816.0, 490816.0, 490816.0, 5476.0, 5696.0, 490816.0, 490816.0, 490816.0, 5476.0, 5696.0, 490816.0, 490816.0, 490816.0, 5476.0, 5696.0, 490816.0, 490816.0, 490816.0, 5476.0, 5696.0, 490816.0, 490816.0, 490816.0, 5476.0, 5696.0, 490816.0, 490816.0, 490816.0, 5476.0, 5696.0, 490816.0, 490816.0, 490816.0, 5476.0, 5696.0, 490816.0, 490816.0, 490816.0, 5476.0, 5696.0, 490816.0, 490816.0, 490816.0, 5476.0, 5696.0, 490816.0, 490816.0, 490816.0, 5476.0, 5696.0, 490816.0, 490816.0, 490816.0, 5476.0, 5696.0, 490816.0, 490816.0, 490816.0, 5476.0, 5696.0, 5897536.0, 23592256.0, 23592256.0]
OFMAP_SRAM=[122176.0, 122176.0, 122176.0, 676.0, 1216.0, 122176.0, 122176.0, 122176.0, 676.0, 1216.0, 122176.0, 122176.0, 122176.0, 676.0, 1216.0, 122176.0, 122176.0, 122176.0, 676.0, 1216.0, 122176.0, 122176.0, 122176.0, 676.0, 1216.0, 122176.0, 122176.0, 122176.0, 676.0, 1216.0, 122176.0, 122176.0, 122176.0, 676.0, 1216.0, 122176.0, 122176.0, 122176.0, 676.0, 1216.0, 122176.0, 122176.0, 122176.0, 676.0, 1216.0, 122176.0, 122176.0, 122176.0, 676.0, 1216.0, 122176.0, 122176.0, 122176.0, 676.0, 1216.0, 122176.0, 122176.0, 122176.0, 676.0, 1216.0, 1473856.0, 5897536.0, 5897536.0]

RT=[122556.0]
DRAMS=[81353616.0]
SRAMS=[110762064.0]
Batch Size:1

Elapsed Time=0:25:30.541198
