
***2x2 REPORT
*Runtime= 144624.0
*DRAM reads= 662880.0, 14186496.0, 78000
*total DRAM reads= 14927376.0
*SRAM reads= 1400160.0, 14186496.0, 1114800.0
*total SRAM reads= 16701456.0
*Weighted Util:6.16
*Weighted Pod Util:100.0
*Weighted PE ratio:51.91
*Per-layer info:
Runtimes=[1572.0, 1572.0, 1572.0, 131.0, 131.0, 1572.0, 1572.0, 1572.0, 131.0, 131.0, 1572.0, 1572.0, 1572.0, 131.0, 131.0, 1572.0, 1572.0, 1572.0, 131.0, 131.0, 1572.0, 1572.0, 1572.0, 131.0, 131.0, 1572.0, 1572.0, 1572.0, 131.0, 131.0, 1572.0, 1572.0, 1572.0, 131.0, 131.0, 1572.0, 1572.0, 1572.0, 131.0, 131.0, 1572.0, 1572.0, 1572.0, 131.0, 131.0, 1572.0, 1572.0, 1572.0, 131.0, 131.0, 1572.0, 1572.0, 1572.0, 131.0, 131.0, 1572.0, 1572.0, 1572.0, 131.0, 131.0, 9432.0, 37728.0, 37728.0]
IFMAP_DRAM=[15360.0, 15360.0, 15360.0, 1280.0, 200.0, 15360.0, 15360.0, 15360.0, 1280.0, 200.0, 15360.0, 15360.0, 15360.0, 1280.0, 200.0, 15360.0, 15360.0, 15360.0, 1280.0, 200.0, 15360.0, 15360.0, 15360.0, 1280.0, 200.0, 15360.0, 15360.0, 15360.0, 1280.0, 200.0, 15360.0, 15360.0, 15360.0, 1280.0, 200.0, 15360.0, 15360.0, 15360.0, 1280.0, 200.0, 15360.0, 15360.0, 15360.0, 1280.0, 200.0, 15360.0, 15360.0, 15360.0, 1280.0, 200.0, 15360.0, 15360.0, 15360.0, 1280.0, 200.0, 15360.0, 15360.0, 15360.0, 1280.0, 200.0, 15360.0, 15360.0, 61440.0]
Filter_DRAM=[98304.0, 98304.0, 98304.0, 1280.0, 1280.0, 98304.0, 98304.0, 98304.0, 1280.0, 1280.0, 98304.0, 98304.0, 98304.0, 1280.0, 1280.0, 98304.0, 98304.0, 98304.0, 1280.0, 1280.0, 98304.0, 98304.0, 98304.0, 1280.0, 1280.0, 98304.0, 98304.0, 98304.0, 1280.0, 1280.0, 98304.0, 98304.0, 98304.0, 1280.0, 1280.0, 98304.0, 98304.0, 98304.0, 1280.0, 1280.0, 98304.0, 98304.0, 98304.0, 1280.0, 1280.0, 98304.0, 98304.0, 98304.0, 1280.0, 1280.0, 98304.0, 98304.0, 98304.0, 1280.0, 1280.0, 98304.0, 98304.0, 98304.0, 1280.0, 1280.0, 1179648.0, 4718592.0, 4718592.0]
OFMAP_DRAM=[640, 640, 640, 100, 640, 640, 640, 640, 100, 640, 640, 640, 640, 100, 640, 640, 640, 640, 100, 640, 640, 640, 640, 100, 640, 640, 640, 640, 100, 640, 640, 640, 640, 100, 640, 640, 640, 640, 100, 640, 640, 640, 640, 100, 640, 640, 640, 640, 100, 640, 640, 640, 640, 100, 640, 640, 640, 640, 100, 640, 7680, 30720, 7680]
IFMAP_SRAM=[15360.0, 15360.0, 15360.0, 1280.0, 200.0, 15360.0, 15360.0, 15360.0, 1280.0, 200.0, 15360.0, 15360.0, 15360.0, 1280.0, 200.0, 15360.0, 15360.0, 15360.0, 1280.0, 200.0, 15360.0, 15360.0, 15360.0, 1280.0, 200.0, 15360.0, 15360.0, 15360.0, 1280.0, 200.0, 15360.0, 15360.0, 15360.0, 1280.0, 200.0, 15360.0, 15360.0, 15360.0, 1280.0, 200.0, 15360.0, 15360.0, 15360.0, 1280.0, 200.0, 15360.0, 15360.0, 15360.0, 1280.0, 200.0, 15360.0, 15360.0, 15360.0, 1280.0, 200.0, 15360.0, 15360.0, 15360.0, 1280.0, 200.0, 92160.0, 368640.0, 368640.0]
Filter_SRAM=[98304.0, 98304.0, 98304.0, 1280.0, 1280.0, 98304.0, 98304.0, 98304.0, 1280.0, 1280.0, 98304.0, 98304.0, 98304.0, 1280.0, 1280.0, 98304.0, 98304.0, 98304.0, 1280.0, 1280.0, 98304.0, 98304.0, 98304.0, 1280.0, 1280.0, 98304.0, 98304.0, 98304.0, 1280.0, 1280.0, 98304.0, 98304.0, 98304.0, 1280.0, 1280.0, 98304.0, 98304.0, 98304.0, 1280.0, 1280.0, 98304.0, 98304.0, 98304.0, 1280.0, 1280.0, 98304.0, 98304.0, 98304.0, 1280.0, 1280.0, 98304.0, 98304.0, 98304.0, 1280.0, 1280.0, 98304.0, 98304.0, 98304.0, 1280.0, 1280.0, 1179648.0, 4718592.0, 4718592.0]
OFMAP_SRAM=[7680.0, 7680.0, 7680.0, 100.0, 640.0, 7680.0, 7680.0, 7680.0, 100.0, 640.0, 7680.0, 7680.0, 7680.0, 100.0, 640.0, 7680.0, 7680.0, 7680.0, 100.0, 640.0, 7680.0, 7680.0, 7680.0, 100.0, 640.0, 7680.0, 7680.0, 7680.0, 100.0, 640.0, 7680.0, 7680.0, 7680.0, 100.0, 640.0, 7680.0, 7680.0, 7680.0, 100.0, 640.0, 7680.0, 7680.0, 7680.0, 100.0, 640.0, 7680.0, 7680.0, 7680.0, 100.0, 640.0, 7680.0, 7680.0, 7680.0, 100.0, 640.0, 7680.0, 7680.0, 7680.0, 100.0, 640.0, 92160.0, 368640.0, 368640.0]

RT=[144624.0]
DRAMS=[14927376.0]
SRAMS=[16701456.0]
Batch Size:1

Elapsed Time=0:01:04.145561
