
***16x16 REPORT
*Runtime= 131400.0
*DRAM reads= 5250192.0, 70925712.0, 78000
*total DRAM reads= 76253904.0
*SRAM reads= 11148432.0, 70925712.0, 8865552.0
*total SRAM reads= 90939696.0
*Weighted Util:6.18
*Weighted Pod Util:62.24
*Weighted PE ratio:53.33
*Per-layer info:
Runtimes=[1440.0, 1440.0, 1440.0, 120.0, 30.0, 1440.0, 1440.0, 1440.0, 120.0, 30.0, 1440.0, 1440.0, 1440.0, 120.0, 30.0, 1440.0, 1440.0, 1440.0, 120.0, 30.0, 1440.0, 1440.0, 1440.0, 120.0, 30.0, 1440.0, 1440.0, 1440.0, 120.0, 30.0, 1440.0, 1440.0, 1440.0, 120.0, 30.0, 1440.0, 1440.0, 1440.0, 120.0, 30.0, 1440.0, 1440.0, 1440.0, 120.0, 30.0, 1440.0, 1440.0, 1440.0, 120.0, 30.0, 1440.0, 1440.0, 1440.0, 120.0, 30.0, 1440.0, 1440.0, 1440.0, 120.0, 30.0, 8640.0, 34560.0, 34560.0]
IFMAP_DRAM=[122784.0, 122784.0, 122784.0, 6244.0, 1504.0, 122784.0, 122784.0, 122784.0, 6244.0, 1504.0, 122784.0, 122784.0, 122784.0, 6244.0, 1504.0, 122784.0, 122784.0, 122784.0, 6244.0, 1504.0, 122784.0, 122784.0, 122784.0, 6244.0, 1504.0, 122784.0, 122784.0, 122784.0, 6244.0, 1504.0, 122784.0, 122784.0, 122784.0, 6244.0, 1504.0, 122784.0, 122784.0, 122784.0, 6244.0, 1504.0, 122784.0, 122784.0, 122784.0, 6244.0, 1504.0, 122784.0, 122784.0, 122784.0, 6244.0, 1504.0, 122784.0, 122784.0, 122784.0, 6244.0, 1504.0, 122784.0, 122784.0, 122784.0, 6244.0, 1504.0, 122784.0, 122784.0, 491424.0]
Filter_DRAM=[491424.0, 491424.0, 491424.0, 6244.0, 6304.0, 491424.0, 491424.0, 491424.0, 6244.0, 6304.0, 491424.0, 491424.0, 491424.0, 6244.0, 6304.0, 491424.0, 491424.0, 491424.0, 6244.0, 6304.0, 491424.0, 491424.0, 491424.0, 6244.0, 6304.0, 491424.0, 491424.0, 491424.0, 6244.0, 6304.0, 491424.0, 491424.0, 491424.0, 6244.0, 6304.0, 491424.0, 491424.0, 491424.0, 6244.0, 6304.0, 491424.0, 491424.0, 491424.0, 6244.0, 6304.0, 491424.0, 491424.0, 491424.0, 6244.0, 6304.0, 491424.0, 491424.0, 491424.0, 6244.0, 6304.0, 491424.0, 491424.0, 491424.0, 6244.0, 6304.0, 5898144.0, 23592864.0, 23592864.0]
OFMAP_DRAM=[640, 640, 640, 100, 640, 640, 640, 640, 100, 640, 640, 640, 640, 100, 640, 640, 640, 640, 100, 640, 640, 640, 640, 100, 640, 640, 640, 640, 100, 640, 640, 640, 640, 100, 640, 640, 640, 640, 100, 640, 640, 640, 640, 100, 640, 640, 640, 640, 100, 640, 640, 640, 640, 100, 640, 640, 640, 640, 100, 640, 7680, 30720, 7680]
IFMAP_SRAM=[122784.0, 122784.0, 122784.0, 6244.0, 1504.0, 122784.0, 122784.0, 122784.0, 6244.0, 1504.0, 122784.0, 122784.0, 122784.0, 6244.0, 1504.0, 122784.0, 122784.0, 122784.0, 6244.0, 1504.0, 122784.0, 122784.0, 122784.0, 6244.0, 1504.0, 122784.0, 122784.0, 122784.0, 6244.0, 1504.0, 122784.0, 122784.0, 122784.0, 6244.0, 1504.0, 122784.0, 122784.0, 122784.0, 6244.0, 1504.0, 122784.0, 122784.0, 122784.0, 6244.0, 1504.0, 122784.0, 122784.0, 122784.0, 6244.0, 1504.0, 122784.0, 122784.0, 122784.0, 6244.0, 1504.0, 122784.0, 122784.0, 122784.0, 6244.0, 1504.0, 737184.0, 2949024.0, 2949024.0]
Filter_SRAM=[491424.0, 491424.0, 491424.0, 6244.0, 6304.0, 491424.0, 491424.0, 491424.0, 6244.0, 6304.0, 491424.0, 491424.0, 491424.0, 6244.0, 6304.0, 491424.0, 491424.0, 491424.0, 6244.0, 6304.0, 491424.0, 491424.0, 491424.0, 6244.0, 6304.0, 491424.0, 491424.0, 491424.0, 6244.0, 6304.0, 491424.0, 491424.0, 491424.0, 6244.0, 6304.0, 491424.0, 491424.0, 491424.0, 6244.0, 6304.0, 491424.0, 491424.0, 491424.0, 6244.0, 6304.0, 491424.0, 491424.0, 491424.0, 6244.0, 6304.0, 491424.0, 491424.0, 491424.0, 6244.0, 6304.0, 491424.0, 491424.0, 491424.0, 6244.0, 6304.0, 5898144.0, 23592864.0, 23592864.0]
OFMAP_SRAM=[61344.0, 61344.0, 61344.0, 644.0, 1184.0, 61344.0, 61344.0, 61344.0, 644.0, 1184.0, 61344.0, 61344.0, 61344.0, 644.0, 1184.0, 61344.0, 61344.0, 61344.0, 644.0, 1184.0, 61344.0, 61344.0, 61344.0, 644.0, 1184.0, 61344.0, 61344.0, 61344.0, 644.0, 1184.0, 61344.0, 61344.0, 61344.0, 644.0, 1184.0, 61344.0, 61344.0, 61344.0, 644.0, 1184.0, 61344.0, 61344.0, 61344.0, 644.0, 1184.0, 61344.0, 61344.0, 61344.0, 644.0, 1184.0, 61344.0, 61344.0, 61344.0, 644.0, 1184.0, 61344.0, 61344.0, 61344.0, 644.0, 1184.0, 737184.0, 2949024.0, 2949024.0]

RT=[131400.0]
DRAMS=[76253904.0]
SRAMS=[90939696.0]
Batch Size:1

Elapsed Time=0:14:46.960128
