
***1x1 REPORT
*Runtime= 465377.0
*DRAM reads= 4951311.0, 3944328.0, 3184371.0
*total DRAM reads= 12080010.0
*SRAM reads= 16880712.0, 3944328.0, 3834883.0
*total SRAM reads= 24659923.0
*Weighted Util:8.84
*Weighted Pod Util:100.0
*Weighted PE ratio:71.86
*Per-layer info:
Runtimes=[12798.0, 12798.0, 24708.0, 12798.0, 12798.0, 16950.0, 3390.0, 3390.0, 19020.0, 1038.0, 3390.0, 14745.0, 1038.0, 1038.0, 19920.0, 1038.0, 1038.0, 19920.0, 1038.0, 2076.0, 7650.0, 900.0, 900.0, 5970.0, 900.0, 900.0, 5174.0, 900.0, 900.0, 5174.0, 900.0, 1800.0, 13532.0, 1800.0, 2700.0, 19104.0, 2700.0, 2700.0, 38280.0, 3636.0, 4848.0, 49444.0, 4848.0, 4848.0, 49444.0, 4848.0, 4848.0, 20400.0, 20400.0]
IFMAP_DRAM=[150528.0, 200704.0, 200704.0, 200704.0, 200704.0, 1217231.0, 200704.0, 75264.0, 225792.0, 56448.0, 75264.0, 225792.0, 56448.0, 31360.0, 94080.0, 94080.0, 31360.0, 94080.0, 94080.0, 31360.0, 188160.0, 47040.0, 15680.0, 39200.0, 39200.0, 15680.0, 36064.0, 36064.0, 15680.0, 36064.0, 36064.0, 15680.0, 94080.0, 94080.0, 21952.0, 131712.0, 131712.0, 21952.0, 131712.0, 32928.0, 7840.0, 47040.0, 47040.0, 7840.0, 47040.0, 47040.0, 7840.0, 960.0, 1280.0]
Filter_DRAM=[432.0, 256.0, 144.0, 256.0, 1024.0, 576.0, 1536.0, 1728.0, 648.0, 1728.0, 1728.0, 1800.0, 2880.0, 4800.0, 3000.0, 4800.0, 4800.0, 3000.0, 4800.0, 9600.0, 2160.0, 19200.0, 16000.0, 1800.0, 16000.0, 14720.0, 1656.0, 14720.0, 14720.0, 1656.0, 14720.0, 38400.0, 4320.0, 53760.0, 75264.0, 6048.0, 75264.0, 75264.0, 16800.0, 107520.0, 153600.0, 24000.0, 153600.0, 153600.0, 24000.0, 153600.0, 153600.0, 1228800.0, 1280000.0]
OFMAP_DRAM=[200704.0, 200704.0, 12100.0, 200704.0, 802816.0, 3136.0, 75264.0, 225792.0, 2916.0, 18816.0, 225792.0, 729.0, 31360.0, 94080.0, 576.0, 31360.0, 94080.0, 576.0, 31360.0, 188160.0, 196.0, 15680.0, 39200.0, 144.0, 15680.0, 36064.0, 144.0, 15680.0, 36064.0, 144.0, 15680.0, 94080.0, 144.0, 21952.0, 131712.0, 144.0, 21952.0, 131712.0, 36.0, 7840.0, 47040.0, 9.0, 7840.0, 47040.0, 9.0, 7840.0, 47040.0, 1280.0, 1000.0]
IFMAP_SRAM=[338688.0, 200704.0, 1742400.0, 200704.0, 200704.0, 1806336.0, 200704.0, 75264.0, 1889568.0, 56448.0, 75264.0, 1312200.0, 56448.0, 31360.0, 1728000.0, 94080.0, 31360.0, 1728000.0, 94080.0, 62720.0, 423360.0, 47040.0, 31360.0, 259200.0, 39200.0, 31360.0, 238464.0, 36064.0, 31360.0, 238464.0, 36064.0, 62720.0, 622080.0, 94080.0, 131712.0, 870912.0, 131712.0, 131712.0, 604800.0, 65856.0, 62720.0, 216000.0, 94080.0, 62720.0, 216000.0, 94080.0, 62720.0, 9600.0, 10240.0]
Filter_SRAM=[432.0, 256.0, 144.0, 256.0, 1024.0, 576.0, 1536.0, 1728.0, 648.0, 1728.0, 1728.0, 1800.0, 2880.0, 4800.0, 3000.0, 4800.0, 4800.0, 3000.0, 4800.0, 9600.0, 2160.0, 19200.0, 16000.0, 1800.0, 16000.0, 14720.0, 1656.0, 14720.0, 14720.0, 1656.0, 14720.0, 38400.0, 4320.0, 53760.0, 75264.0, 6048.0, 75264.0, 75264.0, 16800.0, 107520.0, 153600.0, 24000.0, 153600.0, 153600.0, 24000.0, 153600.0, 153600.0, 1228800.0, 1280000.0]
OFMAP_SRAM=[200704.0, 200704.0, 24200.0, 200704.0, 802816.0, 15680.0, 75264.0, 225792.0, 17496.0, 18816.0, 225792.0, 10935.0, 31360.0, 94080.0, 13824.0, 31360.0, 94080.0, 13824.0, 31360.0, 188160.0, 3332.0, 31360.0, 39200.0, 2160.0, 31360.0, 36064.0, 1872.0, 31360.0, 36064.0, 1872.0, 31360.0, 94080.0, 4896.0, 87808.0, 131712.0, 6912.0, 131712.0, 131712.0, 4752.0, 47040.0, 94080.0, 1692.0, 62720.0, 94080.0, 1692.0, 62720.0, 94080.0, 10240.0, 10000.0]

RT=[465377.0]
DRAMS=[12080010.0]
SRAMS=[24659923.0]
Batch Size:1

Elapsed Time=0:02:18.478742
