
***8x8 REPORT
*Runtime= 373827.0
*DRAM reads= 21313906.0, 12972498.0, 3184371.0
*total DRAM reads= 37470775.0
*SRAM reads= 37774202.0, 12972498.0, 13666543.0
*total SRAM reads= 64413243.0
*Weighted Util:5.68
*Weighted Pod Util:22.6
*Weighted PE ratio:68.37
*Per-layer info:
Runtimes=[3196.0, 1598.0, 13887.0, 1598.0, 1598.0, 15192.0, 1688.0, 844.0, 16195.0, 640.0, 844.0, 13786.0, 640.0, 384.0, 19176.0, 1024.0, 384.0, 19176.0, 1024.0, 768.0, 7425.0, 825.0, 550.0, 5424.0, 715.0, 550.0, 4992.0, 660.0, 550.0, 4992.0, 660.0, 1100.0, 12960.0, 1650.0, 2310.0, 18144.0, 2310.0, 2310.0, 36750.0, 3108.0, 2960.0, 48000.0, 4440.0, 2960.0, 48000.0, 4440.0, 2960.0, 18600.0, 19840.0]
IFMAP_DRAM=[1241856.0, 1605632.0, 225960.0, 1605632.0, 1605632.0, 1394120.0, 1605632.0, 602112.0, 283192.0, 451584.0, 602112.0, 313432.0, 451584.0, 250880.0, 188104.0, 752640.0, 250880.0, 188104.0, 752640.0, 250880.0, 238504.0, 376320.0, 125440.0, 79944.0, 313600.0, 125440.0, 73544.0, 288512.0, 125440.0, 73544.0, 288512.0, 125440.0, 191944.0, 752640.0, 175616.0, 268744.0, 1053696.0, 175616.0, 323176.0, 263416.0, 62712.0, 146821.0, 376312.0, 62712.0, 146821.0, 376312.0, 62712.0, 7624.0, 10184.0]
Filter_DRAM=[3456.0, 2048.0, 1096.0, 2048.0, 8192.0, 4552.0, 12288.0, 13824.0, 5128.0, 13824.0, 13824.0, 14344.0, 23040.0, 38400.0, 23944.0, 38400.0, 38400.0, 23944.0, 38400.0, 76800.0, 17224.0, 153600.0, 128000.0, 14344.0, 128000.0, 117760.0, 13192.0, 117760.0, 117760.0, 13192.0, 117760.0, 307200.0, 34504.0, 430080.0, 602112.0, 48328.0, 602112.0, 602112.0, 134344.0, 752632.0, 1075192.0, 119941.0, 1075192.0, 1075192.0, 119941.0, 1075192.0, 1075192.0, 1228744.0, 1279944.0]
OFMAP_DRAM=[200704.0, 200704.0, 12100.0, 200704.0, 802816.0, 3136.0, 75264.0, 225792.0, 2916.0, 18816.0, 225792.0, 729.0, 31360.0, 94080.0, 576.0, 31360.0, 94080.0, 576.0, 31360.0, 188160.0, 196.0, 15680.0, 39200.0, 144.0, 15680.0, 36064.0, 144.0, 15680.0, 36064.0, 144.0, 15680.0, 94080.0, 144.0, 21952.0, 131712.0, 144.0, 21952.0, 131712.0, 36.0, 7840.0, 47040.0, 9.0, 7840.0, 47040.0, 9.0, 7840.0, 47040.0, 1280.0, 1000.0]
IFMAP_SRAM=[2709504.0, 1605632.0, 1742344.0, 1605632.0, 1605632.0, 1806280.0, 1605632.0, 602112.0, 1889512.0, 451584.0, 602112.0, 1312144.0, 451584.0, 250880.0, 1727944.0, 752640.0, 250880.0, 1727944.0, 752640.0, 501760.0, 423304.0, 376320.0, 250880.0, 259144.0, 313600.0, 250880.0, 238408.0, 288512.0, 250880.0, 238408.0, 288512.0, 501760.0, 622024.0, 752640.0, 1053696.0, 870856.0, 1053696.0, 1053696.0, 604744.0, 526840.0, 501752.0, 215941.0, 752632.0, 501752.0, 215941.0, 752632.0, 501752.0, 76744.0, 81864.0]
Filter_SRAM=[3456.0, 2048.0, 1096.0, 2048.0, 8192.0, 4552.0, 12288.0, 13824.0, 5128.0, 13824.0, 13824.0, 14344.0, 23040.0, 38400.0, 23944.0, 38400.0, 38400.0, 23944.0, 38400.0, 76800.0, 17224.0, 153600.0, 128000.0, 14344.0, 128000.0, 117760.0, 13192.0, 117760.0, 117760.0, 13192.0, 117760.0, 307200.0, 34504.0, 430080.0, 602112.0, 48328.0, 602112.0, 602112.0, 134344.0, 752632.0, 1075192.0, 119941.0, 1075192.0, 1075192.0, 119941.0, 1075192.0, 1075192.0, 1228744.0, 1279944.0]
OFMAP_SRAM=[401408.0, 200704.0, 108844.0, 200704.0, 802816.0, 112840.0, 301056.0, 451584.0, 119500.0, 94080.0, 451584.0, 82321.0, 156800.0, 282240.0, 108232.0, 250880.0, 282240.0, 108232.0, 250880.0, 564480.0, 26404.0, 235200.0, 196000.0, 16216.0, 203840.0, 180320.0, 14920.0, 188160.0, 180320.0, 14920.0, 188160.0, 470400.0, 38824.0, 658560.0, 921984.0, 54376.0, 921984.0, 921984.0, 37744.0, 329272.0, 470392.0, 13441.0, 470392.0, 470392.0, 13441.0, 470392.0, 470392.0, 76744.0, 79944.0]

RT=[373827.0]
DRAMS=[37470775.0]
SRAMS=[64413243.0]
Batch Size:1

Elapsed Time=0:03:57.314781
