
***32x32 REPORT
*Runtime= 341748.0
*DRAM reads= 57809373.0, 39185997.0, 3184371.0
*total DRAM reads= 100179741.0
*SRAM reads= 89193149.0, 39185997.0, 52458703.0
*total SRAM reads= 180837849.0
*Weighted Util:5.63
*Weighted Pod Util:12.15
*Weighted PE ratio:72.47
*Per-layer info:
Runtimes=[2786.0, 1592.0, 13860.0, 1592.0, 1592.0, 14976.0, 1664.0, 624.0, 15876.0, 558.0, 624.0, 13050.0, 558.0, 310.0, 18000.0, 930.0, 310.0, 18000.0, 930.0, 620.0, 7020.0, 780.0, 520.0, 4950.0, 650.0, 520.0, 4554.0, 598.0, 520.0, 4554.0, 598.0, 1040.0, 11880.0, 1560.0, 2184.0, 16632.0, 2184.0, 2184.0, 33600.0, 2688.0, 2560.0, 42000.0, 3840.0, 2560.0, 42000.0, 3840.0, 2560.0, 16800.0, 17920.0]
IFMAP_DRAM=[2742784.0, 3210752.0, 311808.0, 3210752.0, 6422528.0, 1396256.0, 4816640.0, 1806080.0, 479104.0, 1354496.0, 1806080.0, 571480.0, 1128576.0, 940736.0, 459808.0, 1881216.0, 940736.0, 459808.0, 1881216.0, 940736.0, 284364.0, 1269812.0, 454508.0, 131005.0, 1058132.0, 485924.0, 120445.0, 973460.0, 485924.0, 120445.0, 973460.0, 501632.0, 315805.0, 2634000.0, 702336.0, 442525.0, 3687696.0, 702336.0, 388754.0, 1053472.0, 250656.0, 214985.0, 1505056.0, 250656.0, 214985.0, 1505056.0, 250656.0, 29728.0, 39968.0]
Filter_DRAM=[13312.0, 7680.0, 3616.0, 7680.0, 32768.0, 17440.0, 48896.0, 55040.0, 19744.0, 55040.0, 55040.0, 56608.0, 91776.0, 153536.0, 95008.0, 153216.0, 153536.0, 95008.0, 153216.0, 307136.0, 59484.0, 537332.0, 447788.0, 51205.0, 447732.0, 412004.0, 47029.0, 411892.0, 412004.0, 47029.0, 411892.0, 1075072.0, 124285.0, 1505040.0, 2107264.0, 174397.0, 2107152.0, 2107264.0, 301394.0, 2687776.0, 3839776.0, 214985.0, 3839776.0, 3839776.0, 214985.0, 3839776.0, 3839776.0, 1227808.0, 1279008.0]
OFMAP_DRAM=[200704.0, 200704.0, 12100.0, 200704.0, 802816.0, 3136.0, 75264.0, 225792.0, 2916.0, 18816.0, 225792.0, 729.0, 31360.0, 94080.0, 576.0, 31360.0, 94080.0, 576.0, 31360.0, 188160.0, 196.0, 15680.0, 39200.0, 144.0, 15680.0, 36064.0, 144.0, 15680.0, 36064.0, 144.0, 15680.0, 94080.0, 144.0, 21952.0, 131712.0, 144.0, 21952.0, 131712.0, 36.0, 7840.0, 47040.0, 9.0, 7840.0, 47040.0, 9.0, 7840.0, 47040.0, 1280.0, 1000.0]
IFMAP_SRAM=[5418496.0, 3210752.0, 1741408.0, 3210752.0, 6422528.0, 1805344.0, 4816640.0, 1806080.0, 1888576.0, 1354496.0, 1806080.0, 1311208.0, 1128576.0, 940736.0, 1727008.0, 1881216.0, 940736.0, 1727008.0, 1881216.0, 1881536.0, 422364.0, 1269812.0, 893548.0, 258205.0, 1058132.0, 956324.0, 237469.0, 973460.0, 956324.0, 237469.0, 973460.0, 2006912.0, 621085.0, 2634000.0, 4214656.0, 869917.0, 3687696.0, 4214656.0, 603794.0, 2107168.0, 2006816.0, 214985.0, 3010336.0, 2006816.0, 214985.0, 3010336.0, 2006816.0, 306208.0, 319008.0]
Filter_SRAM=[13312.0, 7680.0, 3616.0, 7680.0, 32768.0, 17440.0, 48896.0, 55040.0, 19744.0, 55040.0, 55040.0, 56608.0, 91776.0, 153536.0, 95008.0, 153216.0, 153536.0, 95008.0, 153216.0, 307136.0, 59484.0, 537332.0, 447788.0, 51205.0, 447732.0, 412004.0, 47029.0, 411892.0, 412004.0, 47029.0, 411892.0, 1075072.0, 124285.0, 1505040.0, 2107264.0, 174397.0, 2107152.0, 2107264.0, 301394.0, 2687776.0, 3839776.0, 214985.0, 3839776.0, 3839776.0, 214985.0, 3839776.0, 3839776.0, 1227808.0, 1279008.0]
OFMAP_SRAM=[1404416.0, 802304.0, 434608.0, 802304.0, 3211264.0, 450592.0, 1203968.0, 1354496.0, 471400.0, 338432.0, 1354496.0, 327058.0, 564096.0, 940736.0, 431008.0, 940416.0, 940736.0, 431008.0, 940416.0, 1881536.0, 104844.0, 940532.0, 783788.0, 63805.0, 783732.0, 721124.0, 58621.0, 721012.0, 721124.0, 58621.0, 721012.0, 1881472.0, 154525.0, 2634000.0, 3687808.0, 216733.0, 3687696.0, 3687808.0, 150194.0, 1316896.0, 1881376.0, 52985.0, 1881376.0, 1881376.0, 52985.0, 1881376.0, 1881376.0, 306208.0, 319008.0]

RT=[341748.0]
DRAMS=[100179741.0]
SRAMS=[180837849.0]
Batch Size:1

Elapsed Time=0:12:48.337663
