
***2x2 REPORT
*Runtime= 413165.0
*DRAM reads= 7467726.0, 5379822.0, 3184371.0
*total DRAM reads= 16031919.0
*SRAM reads= 19865606.0, 5379822.0, 5122029.0
*total SRAM reads= 30367457.0
*Weighted Util:7.16
*Weighted Pod Util:59.37
*Weighted PE ratio:69.5
*Per-layer info:
Runtimes=[6398.0, 6398.0, 18528.0, 6398.0, 6398.0, 15246.0, 1694.0, 1694.0, 17424.0, 1036.0, 1694.0, 14239.0, 1036.0, 518.0, 19458.0, 1036.0, 518.0, 19458.0, 1036.0, 1036.0, 7616.0, 896.0, 896.0, 5742.0, 896.0, 896.0, 5148.0, 672.0, 896.0, 5148.0, 672.0, 1792.0, 13464.0, 1792.0, 2688.0, 18810.0, 2464.0, 2688.0, 37872.0, 3322.0, 3624.0, 49125.0, 4530.0, 3624.0, 49125.0, 4530.0, 3624.0, 19050.0, 20320.0]
IFMAP_DRAM=[302400.0, 401408.0, 204286.0, 401408.0, 401408.0, 1394174.0, 401408.0, 150528.0, 233854.0, 112896.0, 150528.0, 238318.0, 112896.0, 62720.0, 107518.0, 188160.0, 62720.0, 107518.0, 188160.0, 62720.0, 194878.0, 94080.0, 31360.0, 44798.0, 78400.0, 31360.0, 41214.0, 72128.0, 31360.0, 41214.0, 72128.0, 31360.0, 107518.0, 188160.0, 43904.0, 150526.0, 263424.0, 43904.0, 159934.0, 65856.0, 15680.0, 77758.0, 94080.0, 15680.0, 77758.0, 94080.0, 15680.0, 1918.0, 2558.0]
Filter_DRAM=[864.0, 512.0, 286.0, 512.0, 2048.0, 1150.0, 3072.0, 3456.0, 1294.0, 3456.0, 3456.0, 3598.0, 5760.0, 9600.0, 5998.0, 9600.0, 9600.0, 5998.0, 9600.0, 19200.0, 4318.0, 38400.0, 32000.0, 3598.0, 32000.0, 29440.0, 3310.0, 29440.0, 29440.0, 3310.0, 29440.0, 76800.0, 8638.0, 107520.0, 150528.0, 12094.0, 150528.0, 150528.0, 33598.0, 215040.0, 307200.0, 47998.0, 307200.0, 307200.0, 47998.0, 307200.0, 307200.0, 1228798.0, 1279998.0]
OFMAP_DRAM=[200704.0, 200704.0, 12100.0, 200704.0, 802816.0, 3136.0, 75264.0, 225792.0, 2916.0, 18816.0, 225792.0, 729.0, 31360.0, 94080.0, 576.0, 31360.0, 94080.0, 576.0, 31360.0, 188160.0, 196.0, 15680.0, 39200.0, 144.0, 15680.0, 36064.0, 144.0, 15680.0, 36064.0, 144.0, 15680.0, 94080.0, 144.0, 21952.0, 131712.0, 144.0, 21952.0, 131712.0, 36.0, 7840.0, 47040.0, 9.0, 7840.0, 47040.0, 9.0, 7840.0, 47040.0, 1280.0, 1000.0]
IFMAP_SRAM=[677376.0, 401408.0, 1742398.0, 401408.0, 401408.0, 1806334.0, 401408.0, 150528.0, 1889566.0, 112896.0, 150528.0, 1312198.0, 112896.0, 62720.0, 1727998.0, 188160.0, 62720.0, 1727998.0, 188160.0, 125440.0, 423358.0, 94080.0, 62720.0, 259198.0, 78400.0, 62720.0, 238462.0, 72128.0, 62720.0, 238462.0, 72128.0, 125440.0, 622078.0, 188160.0, 263424.0, 870910.0, 263424.0, 263424.0, 604798.0, 131712.0, 125440.0, 215998.0, 188160.0, 125440.0, 215998.0, 188160.0, 125440.0, 19198.0, 20478.0]
Filter_SRAM=[864.0, 512.0, 286.0, 512.0, 2048.0, 1150.0, 3072.0, 3456.0, 1294.0, 3456.0, 3456.0, 3598.0, 5760.0, 9600.0, 5998.0, 9600.0, 9600.0, 5998.0, 9600.0, 19200.0, 4318.0, 38400.0, 32000.0, 3598.0, 32000.0, 29440.0, 3310.0, 29440.0, 29440.0, 3310.0, 29440.0, 76800.0, 8638.0, 107520.0, 150528.0, 12094.0, 150528.0, 150528.0, 33598.0, 215040.0, 307200.0, 47998.0, 307200.0, 307200.0, 47998.0, 307200.0, 307200.0, 1228798.0, 1279998.0]
OFMAP_SRAM=[200704.0, 200704.0, 36298.0, 200704.0, 802816.0, 28222.0, 75264.0, 225792.0, 32074.0, 37632.0, 225792.0, 21139.0, 62720.0, 94080.0, 27070.0, 62720.0, 94080.0, 27070.0, 62720.0, 188160.0, 6662.0, 62720.0, 78400.0, 4174.0, 62720.0, 72128.0, 3742.0, 47040.0, 72128.0, 3742.0, 47040.0, 188160.0, 9790.0, 175616.0, 263424.0, 13678.0, 241472.0, 263424.0, 9466.0, 86240.0, 141120.0, 3373.0, 117600.0, 141120.0, 3373.0, 117600.0, 141120.0, 19198.0, 19998.0]

RT=[413165.0]
DRAMS=[16031919.0]
SRAMS=[30367457.0]
Batch Size:1

Elapsed Time=0:02:16.955422
