
***16x16 REPORT
*Runtime= 360009.0
*DRAM reads= 37757678.0, 22442814.0, 3184371.0
*total DRAM reads= 63384863.0
*SRAM reads= 59870566.0, 22442814.0, 26337355.0
*total SRAM reads= 108650735.0
*Weighted Util:5.66
*Weighted Pod Util:16.93
*Weighted PE ratio:69.43
*Per-layer info:
Runtimes=[3192.0, 1596.0, 13878.0, 1596.0, 1596.0, 15120.0, 1680.0, 630.0, 15957.0, 567.0, 630.0, 13500.0, 567.0, 315.0, 18750.0, 945.0, 315.0, 18750.0, 945.0, 630.0, 7290.0, 810.0, 540.0, 5175.0, 675.0, 540.0, 4761.0, 621.0, 540.0, 4761.0, 621.0, 1080.0, 12420.0, 1620.0, 2268.0, 17388.0, 2268.0, 2268.0, 35700.0, 3024.0, 2880.0, 45000.0, 4320.0, 2880.0, 45000.0, 4320.0, 2880.0, 18000.0, 19200.0]
IFMAP_DRAM=[2569728.0, 3211264.0, 254704.0, 3211264.0, 3211264.0, 1394960.0, 2408384.0, 1128944.0, 348672.0, 677312.0, 1128944.0, 413472.0, 790240.0, 470384.0, 299280.0, 1317088.0, 470384.0, 299280.0, 1317088.0, 501760.0, 285120.0, 752640.0, 250880.0, 114960.0, 627200.0, 250880.0, 105744.0, 577024.0, 250880.0, 105744.0, 577024.0, 250880.0, 276240.0, 1505280.0, 351232.0, 386832.0, 2107392.0, 351232.0, 331052.0, 526800.0, 125392.0, 215753.0, 752592.0, 125392.0, 215753.0, 752592.0, 125392.0, 15120.0, 20240.0]
Filter_DRAM=[6912.0, 4096.0, 2064.0, 4096.0, 16384.0, 8976.0, 24512.0, 27632.0, 10128.0, 27584.0, 27632.0, 28560.0, 46048.0, 76784.0, 47760.0, 76768.0, 76784.0, 47760.0, 76768.0, 153600.0, 34320.0, 307200.0, 256000.0, 28560.0, 256000.0, 235520.0, 26256.0, 235520.0, 235520.0, 26256.0, 235520.0, 614400.0, 68880.0, 860160.0, 1204224.0, 96528.0, 1204224.0, 1204224.0, 201356.0, 1397712.0, 1996752.0, 215753.0, 1996752.0, 1996752.0, 215753.0, 1996752.0, 1996752.0, 1228560.0, 1279760.0]
OFMAP_DRAM=[200704.0, 200704.0, 12100.0, 200704.0, 802816.0, 3136.0, 75264.0, 225792.0, 2916.0, 18816.0, 225792.0, 729.0, 31360.0, 94080.0, 576.0, 31360.0, 94080.0, 576.0, 31360.0, 188160.0, 196.0, 15680.0, 39200.0, 144.0, 15680.0, 36064.0, 144.0, 15680.0, 36064.0, 144.0, 15680.0, 94080.0, 144.0, 21952.0, 131712.0, 144.0, 21952.0, 131712.0, 36.0, 7840.0, 47040.0, 9.0, 7840.0, 47040.0, 9.0, 7840.0, 47040.0, 1280.0, 1000.0]
IFMAP_SRAM=[5419008.0, 3211264.0, 1742160.0, 3211264.0, 3211264.0, 1806096.0, 2408384.0, 1128944.0, 1889328.0, 677312.0, 1128944.0, 1311960.0, 790240.0, 470384.0, 1727760.0, 1317088.0, 470384.0, 1727760.0, 1317088.0, 1003520.0, 423120.0, 752640.0, 486080.0, 258960.0, 627200.0, 486080.0, 238224.0, 577024.0, 486080.0, 238224.0, 577024.0, 1003520.0, 621840.0, 1505280.0, 2107392.0, 870672.0, 2107392.0, 2107392.0, 604556.0, 1053648.0, 1003472.0, 215753.0, 1505232.0, 1003472.0, 215753.0, 1505232.0, 1003472.0, 153360.0, 162320.0]
Filter_SRAM=[6912.0, 4096.0, 2064.0, 4096.0, 16384.0, 8976.0, 24512.0, 27632.0, 10128.0, 27584.0, 27632.0, 28560.0, 46048.0, 76784.0, 47760.0, 76768.0, 76784.0, 47760.0, 76768.0, 153600.0, 34320.0, 307200.0, 256000.0, 28560.0, 256000.0, 235520.0, 26256.0, 235520.0, 235520.0, 26256.0, 235520.0, 614400.0, 68880.0, 860160.0, 1204224.0, 96528.0, 1204224.0, 1204224.0, 201356.0, 1397712.0, 1996752.0, 215753.0, 1996752.0, 1996752.0, 215753.0, 1996752.0, 1996752.0, 1228560.0, 1279760.0]
OFMAP_SRAM=[802816.0, 401408.0, 217560.0, 401408.0, 1605632.0, 225552.0, 602048.0, 677360.0, 235956.0, 169280.0, 677360.0, 163785.0, 282208.0, 470384.0, 215760.0, 470368.0, 470384.0, 215760.0, 470368.0, 940800.0, 52680.0, 470400.0, 392000.0, 32160.0, 392000.0, 360640.0, 29568.0, 360640.0, 360640.0, 29568.0, 360640.0, 940800.0, 77520.0, 1317120.0, 1843968.0, 108624.0, 1843968.0, 1843968.0, 75356.0, 658512.0, 940752.0, 26753.0, 940752.0, 940752.0, 26753.0, 940752.0, 940752.0, 153360.0, 159760.0]

RT=[360009.0]
DRAMS=[63384863.0]
SRAMS=[108650735.0]
Batch Size:1

Elapsed Time=0:07:18.877489
